0.020180719870635595
0.01975732191043691
0.02483858213351029
0.02699099032367551
0.03169033632421759
0.017402303373364337
0.014287723000770127
0.02110821221358162
0.024650058863200097
0.030327389289121657
0.01750713994946496
0.01702113774849705
0.028979134544870125
0.03299819236961209
0.04001592110238119
0.01932473112183157
0.027445947472789212
0.03203415462810064
0.03852299089541627
0.024142071609267426
0.01962324482486095
0.031141666385461505
0.03314911615090961
0.031632538166640495
0.031187122025052333
0.030467127769084886
0.03635760369250615
0.029411256842710985
0.02044913824962889
0.02269092257488493
0.023523242813166548
0.019263769106406533
0.020187500261540297
0.015602305212655447
0.014307655526204364
0.015748585006032365
0.02402003717470441
0.03163089298519997
0.041858159842128526
0.05116534987910752
0.047552562523529386
0.05204070314899652
0.03228002640136964
0.03163523745184117
0.046359888150545626
0.04655624977211217
0.021483362511841603
0.027737572899347272
0.03581742040991509
0.04377567171920914
0.02954465828014948
0.04449354139934543
0.05689900121570172
0.040624251136902115
0.05991889658577234
0.051500039371345466
0.0568494034191573
0.05682470540834041
0.06460518624548842
0.03943787370476413
0.02678051358534209
0.04096011764285854
0.05081523842554113
0.04137192173961026
0.05760083430845869
0.04550574472947935
0.04242656251089174
0.028479370344222064
0.026701171064029798
0.03183747028780254
0.03914265301552971
0.0483093827091456
0.0548733357066371
0.059853801138185767
0.06797386051480647
0.06212140331706418
0.03392889361587547
0.034553686140121075
0.03628301579184722
0.04236425949828619
0.046441443318465954
0.044985657175536785
0.05156935531334773
0.05752246241191834
0.06751487853826502
0.07028842157618916
0.03819583918369808
0.03171935095833157
0.04767325487044955
0.05426590833368314
0.04312222213155703
0.03956152555886787
0.05959208071053299
0.06308512333097735
0.0697803110265627
0.07243134661735273
0.0369700052679315
0.05268707559216345
0.04816677049219024
0.04721184935913928
0.05068532336740885
0.06228329966370049
0.06954465379639477
0.07103888406227128
0.07586126627974017
0.052769721341975606
0.06615605373724284
0.06556648792270438
0.0670776697134152
0.0772916533321085
0.07612790523663641
0.07682995527817019
0.07723519948639639
0.0685423917865858
0.06906015777333191
0.07206905033209471
0.06760930595350154
0.07348547334663695
0.07710159513038924
0.07847937048170664
0.056702521244915184
0.07060773445326955
0.07698355198657178
0.07998303112348025
0.08166194808894041
0.08130732473288865
0.08310436934816488
0.047922114361036966
0.07560842906504744
0.08054208004717417
0.0795335741138557
0.08308564217696264
0.07779193772109681
0.05734982166652056
0.06377853986021517
0.0669351343181143
0.05129544622664398
0.08403669880645644
0.07889039907311172
0.0758038650399485
0.07798796160404067
0.08088852860487164
0.08347844537395144
0.08311744703785046
0.07866852716690124
0.07195654041504104
0.06899135751582869
0.0506815743586852
0.08627613833097958
0.042739852364013134
0.07259742043367491
0.07648074305619994
0.08101773167680806
0.07968503486268813
0.07951695212810299
0.07839461556751433
0.07891369568640728
0.07583894953874173
0.07753787158910405
0.07449975495464282
0.05449248250897064
0.08066491076400845
0.07771287146179519
0.07724912336121996
0.07708810886023133
0.0761616252977211
0.07124646413719748
0.07192498727735654
0.07425990738412255
0.07156371227371293
0.07118884035201518
0.07529716893004347
0.06902921867751384
0.07079407593186508
0.06547903284411277
0.06756651332494093
0.07079538984662291
0.07881458550608632
0.07915794808852487
0.06658609869233459
0.05597553682276577
0.037810279942153906
0.0
0.002396344153427425
0.0258894974536976
0.004514583247756628
0.0
0.002089879849760603
0.0
0.0
0.08034075466555582
0.07655418580626042
0.07456314803912326
0.049549069275739384
0.07506539975642568
0.07810557810105308
0.0722029292177692
0.08022625764534161
0.07635811362287559
0.0742546115430818
0.0717540416549922
0.07511942972661921
0.07443552843490095
0.06895963789228413
0.06286002241906755
0.0651765367042872
0.058400385151036655
0.07298398583297552
0.06885360727307828
0.056424869615969646
0.06905406710938246
0.06437621627411175
0.06968335182524955
0.058619409046445935
0.06736349751583302
0.06912097610965047
0.06441804517209877
0.06794258970646305
0.06862792149706566
0.06298346585119717
0.07289195087204438
0.034753651394082444
0.07352284837520226
0.07027392046863828
0.041014914729618886
0.03986845428989802
0.0564565447152191
0.07199513002181988
0.0722141338920252
0.06884196507886702
0.06620386703531247
0.06358732311278367
0.061813240491315403
0.06987008420535715
0.06565523801616881
0.06410822185698724
0.06344529141119142
0.06505593256934707
0.05877822740852359
0.061426606244832926
0.061742224144771846
0.06373193175242917
0.05996992080758755
0.06309671988339567
0.06277241341669684
0.05207408029897914
0.03031311124321691
0.04773007231013561
0.029133524580521368
0.041039843134879885
0.06406221060708459
0.0644873605858062
0.0651814562239861
0.05750241216021517
0.05840001565810872
0.06312773905913689
0.06311398619966559
0.06248334536479512
0.06216401864235035
0.03456380623493733
0.05952070215643936
0.05899974165796697
0.06176368934555783
0.061195674553639466
0.05545664729618321
0.0623589318128328
0.05861635383104752
0.05694912273882766
0.05345573868486219
0.04686452009559717
0.05703496485733492
0.05347973371831086
0.04266824441821531
0.038354351565674745
0.023228634341871973
0.029337407954138528
0.054973845544937824
0.04836795700763207
0.04975479178533978
0.04881105689656594
0.02842733153903467
0.02927466940317135
0.04952354406636027
0.05070497319915306
0.047594898141661235
0.049854489155161455
0.05091598931051891
0.05306104036648609
0.053719200117605836
0.05318263518078408
0.05182977555768517
0.04551556618206561
0.045520222339451515
0.04661868973731343
0.04785203146795301
0.04918277684869295
0.030622974176350452
0.04714699775626732
0.04691255663474013
0.037346066910576986
0.04452940236772348
0.04733603746608615
0.04814210858609344
0.045205404551478354
0.047488909850113385
0.029435031779046505
0.02706856885837461
0.032669375530337635
0.03590706084795076
0.024328923343231633
0.04577838420280342
0.02569598084284116
0.025898867604523923
0.03699786468262073
0.02237074469349936
0.029401604866148096
0.029082280448049492
0.031445686013554235
0.022312787683303182
0.02856428767599569
0.026553744410495104
0.03431546273557749
0.023362350982862174
0.03168237127426097
0.035875175046513344
0.021783491995045076
0.0291296246617119
0.031544778495731174
0.03871949579976147
0.02883788420844381
0.039754760033535855
0.02823449832903337
0.02749518971551454
0.022955025123229986
0.02034677682666282
0.021955111589448302
0.03615110701288887
0.029893141894322666
0.035189897186842
0.019155972106798626
0.03391625971808393
0.020961002224796098
0.03170444383978733
0.02757030652449027
0.029123957046113057
0.030299863304434176
0.03606971286869701
0.020961466390810212
0.033533239871231274
0.02509531141325654
0.018614985439902663
0.020202665020245026
0.03220110010485965
0.02559694584284044
0.020206805663387457
0.0219480209576249
0.024639685116553713
0.03471553677218394
0.03815524022003758
0.02724608268611273
0.026281634967575154
0.030597597971061603
0.025411285435029782
0.03921437138216483
0.04239674537275428
0.03296153065307428
0.01345626700569208
0.025787100884084386
0.036311124668839706
0.04211242062897452
0.03219816757905689
0.03763097765998594
0.028779495525742632
0.026666479347564175
0.011703714593911759
0.02977934075769156
0.020214924386056637
0.022727415083206328
0.023269813746868564
0.02480826282079017
0.026983039670684855
0.03382592857822225
0.017891869902935918
0.019611181126672737
0.019142977676738622
0.02962812455456766
0.03424814992175887
0.03129714876009881
0.035926874571801166
0.02166464132453054
0.03314983025410844
0.03017027969310376
0.02210929889983521
0.026929193012253688
0.03156644816704548
0.019951751356808687
0.023484506956826422
0.04265107236614541
0.04204376630702796
0.028844600254687366
0.024095716968668666
0.027340888988268586
0.0337194155281188
0.039921650479914465
0.022810828113845428
0.021919699821942355
0.02478852509621478
0.02751202230105107
0.028315076034189025
0.02181543259677389
0.022072885613649958
0.03836759635557564
0.040126140372362146
0.040434911862943755
0.044346262829555116
0.03630728805596934
0.029752628853177976
0.03295576919400485
0.03171502644498422
0.04144912576655317
0.03251958438112512
0.04294740205610304
0.029099504848777036
0.05163411871660688
0.04751835938523649
0.04986217350749329
0.05052703878676135
0.04351773369841302
0.037534305344201845
0.05240129606882013
0.05066176927869007
0.04775263387933574
0.050993507598456
0.0554873807043335
0.062379204146619835
0.060521586819638734
0.05434260939750577
0.053916376401439634
0.038898673886656014
0.04953341173405065
0.04418579460380248
0.05446878248864237
0.059170379691756966
0.023498712495946223
0.04733991786336682
0.061086719177603
0.0688039640112862
0.055981498063556526
0.05578628260932402
0.0497012453578172
0.06677016364879364
0.06345164022892934
0.06096490575852929
0.06928185521260113
0.06786941863082355
0.057646399048522604
0.06036945107809787
0.06331170965669958
0.06683790465990928
0.06605608793907344
0.06145531550493847
0.05377082549936567
0.0719927749149325
0.06554817516657381
0.06732331913134962
0.050638934015205354
0.06311205303369097
0.045011555412760855
0.057540385480438744
0.059669940889431616
0.06978666509744559
0.07097205754970767
0.054434231965897306
0.058023868841239015
0.054517607776504974
0.07001754969258665
0.06885654285018637
0.041744833774658485
0.04004395504546273
0.05909835320159016
0.06341260171541052
0.062392124510035535
0.04188499189790784
0.04584264258734064
0.06096473966327474
0.0763201259895626
0.07459247187037057
0.07528409900997367
0.057805356001479076
0.07730793562550364
0.0763887944069051
0.07565246714086891
0.07822229292915023
0.07729442943111184
0.0740640906713575
0.07116414172519019
0.07433684155467385
0.07658081454702134
0.08085699089239141
0.07695234894939891
0.07783294322499278
0.07396298874557346
0.07623343462071429
0.07420294205409368
0.07597994604958044
0.07444785748115358
0.08008000929066145
0.07652783054375249
0.07218356925379714
0.051334916431938216
0.06646760908189527
0.07049256449341441
0.0724175866467594
0.07543645897529531
0.07553712788442214
0.07829610030072409
0.07758140282119227
0.07040452949117253
0.07926814014135625
0.04069772595029754
0.0656377261102598
0.078089623702363
0.04654482471720923
0.060651736168734205
0.05493066100762087
0.055267169491120774
0.07885787319146179
0.06376203411954798
0.05803292058875111
0.06077937811269394
0.06501052974409795
0.07718374817513717
0.08253832764027491
0.07776854212946567
0.08166240061558153
0.07886230072640417
0.08042371550144904
0.08206751557568051
0.07916562122391224
0.07943743528429649
0.07879043065368878
0.07848328074051596
0.07690292536451164
0.055482361987552305
0.05927678527361526
0.07410053583722276
0.06375385816136828
0.05225233936462807
0.06779145720964756
0.07737576001377376
0.06790138866603927
0.04747084036181584
0.029477524340311957
0.008232111679757256
0.0
0.0
0.0
0.0
0.0
0.0
0.0
0.0
0.0
0.08398544117103827
0.06954149606589138
0.05191648413400286
0.042916482091207325
0.022232916145163414
0.010901123262153204
0.026106948266880477
0.06224870654067966
0.07074071445508286
0.07256132703467238
0.055161212617908156
0.06374626389537913
0.06110204710558683
0.04982571463040609
0.06650788339693828
0.0774390951181779
0.07196941078042356
0.06954546433831313
0.07295619454374588
0.07838592885120055
0.07552184528912514
0.07767580823963359
0.07300932566329775
0.07213401065324661
0.056520007679048224
0.04049409664825542
0.0
0.0
0.0
0.0
0.0
0.0
0.0
0.0
0.0
0.05695458533176798
0.061793579260752275
0.011184250423585004
0.0
0.0
0.0
0.0
0.0
0.0
0.0
0.0
0.0
0.0
0.0
0.0
0.0
0.0
0.0
0.0
0.0
0.05917766115348724
0.057099368066746356
0.06956151054284217
0.07218982515158118
0.068718076176853
0.07116282965799885
0.07000709026187364
0.0686552554209541
0.06327710442313732
0.06874923053343181
0.06569324827992032
0.0647048169215099
0.06461882870738646
0.061950588424782405
0.027541354060161706
0.049251990828718305
0.06364799813378656
0.05951777127887158
0.03966019689653226
0.0625492527851683
0.0611649678455285
0.06585735490315658
0.05900980737401646
0.059503591354259
0.06052726852576227
0.058941546894505724
0.05789034382945192
0.05717523518512553
0.05935991830061602
0.06276371339991152
0.0499841827992556
0.057850184474230015
0.058748648517996334
0.05840010827833805
0.057956223381511546
0.04431116831170554
0.04714225406679451
0.02220896839354307
0.021160249955744406
0.027659415135182996
0.054385066406052236
0.05296261011430377
0.046644345028928946
0.04534482843417064
0.03200312384199566
0.038213125129823715
0.029686885135764663
0.03207253179313885
0.04198586502387426
0.041344966455793726
0.05081485267464811
0.028211559592936322
0.03865185149306419
0.047027219626202196
0.046543581746398444
0.04546188656795068
0.03742760048684573
0.027379567423378805
0.02294887587526768
0.03360172147299402
0.04565155014919685
0.04261710639423751
0.0329159312277089
0.037662640499536985
0.016530708755490852
0.024106758147435747
0.038639399561076475
0.031883068723456545
0.030305069274699847
0.03414014532928777
0.0386190290527026
0.040489807300650764
0.02325557759687772
0.03908458927626146
0.04178359756703596
0.03367268486018067
0.03250534267630473
0.03633013020897751
0.04072502509436549
0.04141235300431548
0.04092044739011689
0.022684634106195287
0.038123531348448716
0.03135958810638803
0.021740487436092526
0.022333153297084605
0.029433535756183557
0.026196774940265052
0.027840247216226185
0.02281672160555443
0.01907269256082764
0.019994449084540778
0.020438645404894307
0.02195590875028964
0.020559155280955477
0.018693986530537925
0.031238034995449436
0.036336379140793455
0.03835569530186268
0.036947428548908055
0.03827916080866455
0.0229662056221565
0.029089970592769444
0.018959785681206598
0.027190749962162208
0.02034627713417859
0.025597903087603104
0.03618562263364315
0.019399875750052333
0.028003116628777795
0.01743420992946997
0.02568773258948668
0.026768536041249683
0.025617420618880126
0.03611571498121443
0.041451287046508876
0.04276002586028148
0.04290223970965818
0.026985650428458473
0.023106418099948192
0.020549743018836455
0.039602813020671083
0.03784014411825718
0.03913509461797341
0.03606884993731502
0.03386902544705623
0.026647225832230018
0.019111225766561855
0.022439666743909032
0.024161767116334137
0.03200686028812291
0.01881231591195991
0.032702837319981595
0.032967636945104545
0.021837167259665186
0.02025275935768902
0.02427200173420311
0.033566445830273337
0.03711846703091619
0.019798034694476753
0.027384143266765464
0.04527307793624341
0.043817108745848224
0.036365887217862096
0.03734857250524777
0.03830323176420702
0.02675342767725513
0.02609130180664809
0.027076729953991366
0.029693613570762993
0.025306523645964255
0.03742588822821374
0.019452088225120685
0.0412262123448114
0.04244159897465001
0.05426686401044653
0.02623459487043196
0.04239062702066893
0.036575862933187646
0.03700779940446266
0.0627808867149805
0.012980280406417907
0.043505965464079005
0.051128825930952936
0.0466176592351805
0.04590869060829747
0.02755732982679811
0.0523248738896169
0.05587148872467026
0.05287376524278106
0.03349850813450038
0.05435734289838222
0.04903459022950113
0.04948286864986887
0.039187386983416055
0.04324064691384979
0.047019970902915785
0.04691503340375693
0.05763371147151596
0.057754323076262895
0.05714658444517382
0.04388114776444391
0.03684037559527925
0.03377018425956223
0.041550305983093686
0.060339876962536225
0.0549708598624246
0.03668574176608861
0.029666833138500222
0.03665162775726339
0.06451002898377525
0.0677484249824604
0.040604882480631814
0.051655738959710124
0.051686712903551396
0.057909051154378874
0.05460988236991495
0.06419169324404903
0.07291069594120946
0.0716441304763132
0.06976993460033679
0.06965837339662889
0.07065763465390607
0.05634401225502045
0.07189633615436551
0.050946358578177316
0.03679802335828712
0.06331216582038744
0.06777526008051973
0.0685530957467728
0.07270277927192327
0.06792833286138715
0.04849633139810569
0.06176127809996292
0.0689892558235539
0.07259317548967872
0.03149470827114343
0.0783577914460808
0.06960281529128985
0.055913989554582974
0.041531125644068745
0.05239193933272983
0.07483642910612753
0.07311551793027622
0.045832914022239275
0.06904865391981412
0.07576135626036534
0.07768539213372151
0.07741969240211655
0.05894947909015569
0.06958277113889057
0.07352299285021796
0.06166273955819536
0.0629808707269242
0.07516788379992584
0.07520867085552925
0.07637117528451182
0.07985481050389819
0.07958883518325018
0.05489073141766393
0.07961399461863027
0.08421764069705412
0.06803403596796152
0.06926636165196882
0.06521632180379411
0.0673203121707467
0.08074372168335428
0.07717387150821348
0.07412716838704198
0.07606045527435891
0.07685427392738707
0.07290380855454225
0.07128150997722697
0.07474641036096566
0.0741887560554509
0.06147111902314349
0.0710485817926551
0.08063831532455353
0.08093577736071673
0.08084280750833613
0.07779228248752994
0.08496268637465156
0.08016279633440565
0.08113223888118119
0.07803970260479005
0.08130884092448058
0.07638064260473247
0.07121016133370259
0.06701394212706713
0.057416218829830036
0.07713774455121071
0.08056904509394916
0.059089563057082704
0.07512383614307051
0.08143913846060685
0.07899805866133663
0.0802596252042355
0.07832293520349926
0.07956527653934223
0.07379747155942308
0.07811397565251714
0.0736885792790557
0.07013222927398512
0.07481403188374375
0.07323542143290938
0.07628242056987561
0.07720340849628855
0.07576526742326511
0.07507031457400827
0.06956197308575653
0.06641193974057394
0.06978269036101746
0.06796153555586955
0.0514377650303619
0.07204016220136289
0.051594456109574346
0.0
0.0
0.0
0.0
0.0
0.0
0.0
0.0
0.0
0.0
0.0
0.0
0.0
0.0
0.0
0.0
0.0
0.0
0.0
0.0
0.0
0.0
0.050684112264700126
0.0
0.03501756042025994
0.01654534488275652
0.0
0.0
0.06307758001415077
0.07006003131075601
0.03659936174741768
0.0
0.0
0.0
0.0
0.0
0.0
0.0
0.05355671924575076
0.06781123727709266
0.06588085731950931
0.06404270567612848
0.06287759845504906
0.061456353078765166
0.06263115456296947
0.0658695024390376
0.060702085013335606
0.06706718752819746
0.06735141901861129
0.04664572176396293
0.008506198105678528
0.0
0.0
0.0
0.003825061501033759
0.0001616532188246349
0.0
0.0
0.0028991835542654053
0.051826640211623
0.035513732883288185
0.0
0.0
0.06428670461677168
0.06662033851568794
0.06408032496764311
0.06285549252685445
0.057692738534281
0.06833743877624358
0.06925674342609811
0.06730188865617205
0.06236167465513879
0.061916892138205434
0.06629974950768182
0.06522395424977492
0.06552450967681993
0.06198234498194061
0.06265144549258073
0.06034506523214499
0.061956834743847035
0.05297477312614457
0.06307629816685713
0.06313742598494325
0.06290845445527193
0.06080987303598755
0.051446641544276805
0.03923013005318362
0.018420371541808
0.01731064581101784
0.008801990954343699
0.04850527269905864
0.028844466819031543
0.0
0.010327617575394453
0.03114220229660065
0.02369342314823842
0.014109879900983757
0.020952351157281255
0.06066729511831915
0.06043401208816275
0.060300697547664026
0.059208806144289285
0.057384607457570506
0.057105445592116284
0.05655984858580646
0.05382490618603625
0.05068412093699601
0.04462721108966001
0.031359201992948005
0.01867921236283062
0.025862144382455234
0.020870187965314986
0.009152562237572662
0.001510392678132426
0.0
0.0
0.0018835324436067178
0.00023076220027464585
0.0
0.0
0.0
0.0
0.000578423929819908
0.014649252941201268
0.03194263114347836
0.039408920537662644
0.035323493204035376
0.03760331459390389
0.03182174013922617
0.04600284761343779
0.04395119288287549
0.04051204353149317
0.04384828049712882
0.031237557963380312
0.02974967226971993
0.049939628476083325
0.04085450873718789
0.05134591630948693
0.043107432108413495
0.041994193417659684
0.04156862143777014
0.040395756974686024
0.03914412957192002
0.04466774020712669
0.04760698817922708
0.043852130944413724
0.036658767122271146
0.03819610053515078
0.040071971426878766
0.0450971072683826
0.04455797497492701
0.04676139213065324
0.043384438638898785
0.044592109306890476
0.04381351232915783
0.0403046619925676
0.04565113899632289
0.04576089947969226
0.038107334099628694
0.029010625780744807
0.032703649930728065
0.02919571986510228
0.01892688918015896
0.01753997551433333
0.03095209030437205
0.02806886708742425
0.033874038297884046
0.020537255181032752
0.03168942370967182
0.02796856397384849
0.03433023544614978
0.0325332622594463
0.02528805874927128
0.013403326240549343
0.01728517856478023
0.02038043410026288
0.020257239046323462
0.02849219918120895
0.03172123896252035
0.019882237417494373
0.026831739118221343
0.024778686181812688
0.027407773145716154
0.015506810466543432
0.025063772367302617
0.021483579187447595
0.019007659071985743
0.023850041026229722
0.03451620507394158
0.021501565443083286
0.0256666541600205
0.02441770488723601
0.03179323313899854
0.04016702084896948
0.03641974970660035
0.034558101679352755
0.036158473519914226
0.037555672218567746
0.03448862139432905
0.032040859626146556
0.04042253742243627
0.03869941595442179
0.03746801973532473
0.030805286867360632
0.03868159103319349
0.02931795057800863
0.041952015621403986
0.03806066636855982
0.04092254866836472
0.04831561583520445
0.04814091623233984
0.03622764256163884
0.02714147962326747
0.020789619904267444
0.02976340223461184
0.046641189052884155
0.044165811663516505
0.045013103109853216
0.04481396512327569
0.045114221502408625
0.050895120868468695
0.039275826041493545
0.05354540833739404
0.0484244789606197
0.045926126582031525
0.03212230618272589
0.031357318784487415
0.042578288353401876
0.04817597324160989
0.04684245762094257
0.03000059318040225
0.03063774437812858
0.04132567336184927
0.03355467005200246
0.030033696529560783
0.023978600226627633
0.032263643424281285
0.026760067133912654
0.043658960315591244
0.04527599385776784
0.030885362338897097
0.04356595610051711
0.05471083268362618
0.048066545831031586
0.041813276665380275
0.044154899545257864
0.05595184343521093
0.041385926333947665
0.035619167573106944
0.02060008995357043
0.033011223663937064
0.045338640321119276
0.049519415021993016
0.03363493283224277
0.010052575094246147
0.0338861810315515
0.05672536239344408
0.06231435027171156
0.06529314911784634
0.055761293389206074
0.05695677263344529
0.03935688823101648
0.05314139515267402
0.05573727445996169
0.05065741735566225
0.0514876922383288
0.04817259496387786
0.052545007310665276
0.06275551509721906
0.06584255751830738
0.0640074739487324
0.06019825609274907
0.04368327983138338
0.0688826319358736
0.06161206613264476
0.0654792112442936
0.06289602088779582
0.04511091070328401
0.0715924613641834
0.06950306657614078
0.07190048536193305
0.07484617167855362
0.05511816133502699
0.07248201544663799
0.06503168172361799
0.06811910905784704
0.04351828289792734
0.0719701439079976
0.060912204651313466
0.060788833247484006
0.06782091472572743
0.0725902821517189
0.07193034152245899
0.07162485083050385
0.06953697187410537
0.06812043056365205
0.07198355120320978
0.05747757621433283
0.07513946394019615
0.0268084541538901
0.02924551310291657
0.050292113785871305
0.06640858845062322
0.07128333691360811
0.07499295301343203
0.07655582799357252
0.06295125764405567
0.07339232608317682
0.0745713613827852
0.07462536654132847
0.0769755038787313
0.07742776997044011
0.07895795513987447
0.07906343931448442
0.07236828689288019
0.033782107596254156
0.07635531489045001
0.0784208206732829
0.07385810158392235
0.0779767748363836
0.07156473210008263
0.07791515512693757
0.07589160270690408
0.07599303967997074
0.07676888483989108
0.07374429300165605
0.06927702824243676
0.06556476518584577
0.07211743061893489
0.043543992053764274
0.0018970007384243616
0.0009053109612537597
0.001402463001571068
0.0006499502163531306
0.0
0.0
0.0
0.0
0.00036006078437886746
0.0
0.0
0.0
0.0
0.0028123210190351662
0.0
0.0
0.0
0.015846583762684417
0.03956720186904751
0.06491658938859605
0.08431165314643363
0.07970605340460035
0.03979850599230089
0.05591808515621577
0.057419971111441974
0.08322145048094656
0.08125522326368453
0.06438550925626244
0.06996576171297487
0.07664654143763242
0.07819166582473004
0.07729671942066875
0.054774493712252216
0.07436126359098036
0.07912911432478449
0.0780424449837399
0.07591108834709138
0.07087933287028829
0.0705908423553392
0.07213340892987342
0.0732433139619717
0.06972454617013393
0.07319473993207676
0.04645032004105181
0.03527691364849708
0.03900983182148408
0.05166306785577269
0.07376035169493096
0.07755247585054637
0.07390637593101144
0.070862524254211
0.07136390815989427
0.0686977350165354
0.07554530525781847
0.07258459021355886
0.06698041814758744
0.07371557946662187
0.07204682037818144
0.06437668272800123
0.06731134654220272
0.06470693578708717
0.06868265077849763
0.06157917906862145
0.03341244205933498
0.05916792891153144
0.06547152768956628
0.06579857053653973
0.0658263554764527
0.060637030663504274
0.05311618708063226
0.022391639183162684
0.00767024758499333
0.0648327484001269
0.06404669429916514
0.01410882356130031
0.0
0.0
0.0
0.06802345978768415
0.0672948700641772
0.06308282806032925
0.06037880940478179
0.061528297277941374
0.05992853978743665
0.06716128480944286
0.06662877913522895
0.06709180740688331
0.0622789257724859
0.06174753466458495
0.0671931179667278
0.06779783662530078
0.06425495534031422
0.06158649828694388
0.06542632024694295
0.0637042294087207
0.06181209606302752
0.0615777538055577
0.061169922553529786
0.05159139702886354
0.02297610772647913
0.055447557393573425
0.06621719125422466
0.06591348283583469
0.06045369100822154
0.06402758441947287
0.06403141265171519
0.06547153998379236
0.06632522133462611
0.049641779347996295
0.018232873624295595
0.0579999245771498
0.06326380439520075
0.06198479042779552
0.06281313980797175
0.06307616331841591
0.05093858983981099
0.058299291744123946
0.05854366781955268
0.060007483892240455
0.05875698114000432
0.05865330629312144
0.03388287200606231
0.02132769255362581
0.02901202298597403
0.05775612162226402
0.05761807399745815
0.05919881095785839
0.05887631089210523
0.042889165382449364
0.05241769909483905
0.05481808451260167
0.05608436291638976
0.05493230955761536
0.051569588063572834
0.0356061912154265
0.043026122369356545
0.05185029514584994
0.02402762767495035
0.054719062898322735
0.05197568121126188
0.05285102228004438
0.015368627250676321
0.05530050884534904
0.04032096472841032
0.019476321001165975
0.048666599397310065
0.04875935488086138
0.04327859164675718
0.03994244125322486
0.042446464473691006
0.046109227508689656
0.049095537204525974
0.045741091439251244
0.04649502706008907
0.04776423980773909
0.05078353320033098
0.04768292546095958
0.04483443842755763
0.03672134023760904
0.04011982308860228
0.04285567028320302
0.045788601289214796
0.04641682881078087
0.041967455672204015
0.04514015492008627
0.04631189366197132
0.03493577764994097
0.03652698302722488
0.043491425592569515
0.04453052109343943
0.039462665341773936
0.03512038406407066
0.032782547443849286
0.03666831757382741
0.04010922774235441
0.041814010843475455
0.041949752930204136
0.040844981832189264
0.04254614177891084
0.027916345968036736
0.030917270502974995
0.013934663838547807
0.03905353950667707
0.03983467707271376
0.03352470860257233
0.025755755626404635
0.024387588177107608
0.03147254354767055
0.03629358233010748
0.040079725170603965
0.038836057941542095
0.02890741789080991
0.030941661847714904
0.03325216475259727
0.036122726019441435
0.027094229541594253
0.032897550666601744
0.02554430504209477
0.01742645290068265
0.04193151372064145
0.03469871400208756
0.031409074525327534
0.030820487931304926
0.03060783905002126
0.019861922130542577
0.017319032099782514
0.015422660104551898
0.015555739484307099
0.025495973063953865
0.020187098128916496
0.019462150743906177
0.026830173058713647
0.02779130435971387
0.024903460538545148
0.0284225353425041
0.03256139303691587
0.0366063801599566
0.03358650302331746
0.03248829113812591
0.031215887824773886
0.01601945310829565
0.027213868605156573
0.02627746492373622
0.032433369333162536
0.028430088748441135
0.01294887995764527
0.028347630969123426
0.037246017755080046
0.033902304857568774
0.034952460213339163
0.023683975284457568
0.024010781866379467
0.03475691948634607
0.02663952720324818
0.004741843850001936
0.018613966565636526
0.023925118716035667
0.020357063960010628
0.019075081149110176
0.010023315355105268
0.017528865878638073
0.019825471107289074
0.020714109827199532
0.01973227167499345
0.022857491477745916
0.022174379316362364
0.009509851287442516
0.02404113546060189
0.024651781167719912
0.026531015267327908
0.031919675065344856
0.03293214804582016
0.03152248051695432
0.03415030090924246
0.03951442793914597
0.03338587027923589
0.03343199081710402
0.040115942662744195
0.04175304331977995
0.008989964096343278
0.013541903069123971
0.03581157692203849
0.039025551606524274
0.041702617873957425
0.03767032235970095
0.017760128368467274
0.03749984588042184
0.03671562587898283
0.03599710920615923
0.036493823713227035
0.03974775974260172
0.044145818950668825
0.04719325965666431
0.04333713621310568
0.03854148646354895
0.04415702782987246
0.04236821408065055
0.04396872118399947
0.041326433005846056
0.042466201037435515
0.03201635669230899
0.04539192200262607
0.04819056379394901
0.047772461431238006
0.04938334677386801
0.04734092823079758
0.048268583942805234
0.0473895897008249
0.043133328650209767
0.03944877941084398
0.044532664818782736
0.04883750801325021
0.03193298973433474
0.05500348249167785
0.03841397175775547
0.036606360040259536
0.015698703418233827
0.0368314467184303
0.038910721970942704
0.05277866055459108
0.055103349119158256
0.06367238140946496
0.06567075206918331
0.03929217765251543
0.055757351151824334
0.05575377797043626
0.042966301583290054
0.06110731808586836
0.06025324254076447
0.04241415370385009
0.0555313590730239
0.04442654349282066
0.054997658245960875
0.06269439250587182
0.0657049496300754
0.05071022625064475
0.05472495967739987
0.06357113989480401
0.06590439327530614
0.06278976650803338
0.020200003057227443
0.030371053952116464
0.038439271558558245
0.06851856693368791
0.0651492239056126
0.031090534714651178
0.06856434193016488
0.06935153160603404
0.06631216628339578
0.058092546793781376
0.06627642586937678
0.055274927661381354
0.025920443257521422
0.050862891442366366
0.06004667779887501
0.017275524496695196
0.06470983498319739
0.07096511040192398
0.0710734768139049
0.06144829646932346
0.07418914435871382
0.07313724264504659
0.07220684246711565
0.0697722909251065
0.06962394255547888
0.06986417878307877
0.07117742611255395
0.06912749940589669
0.07045739771047199
0.06901620566660234
0.06834106612688612
0.07289488063746628
0.06921362580872135
0.054388827064057656
0.03547989643760271
0.008636466078858051
0.0005009659002445162
0.0011512674451307618
0.025812268252740207
0.07742075499595788
0.06533025151976857
0.07393655404176294
0.0705136355490207
0.07403924705003097
0.07117635598335074
0.05624864633953682
0.05069820577524793
0.06951442162984621
0.07504945313203264
0.07170491045555484
0.06858494858118515
0.07186549352203499
0.06336556322978174
0.038677497170530976
0.07583476301397817
0.07680602321389934
0.07641685277863687
0.0740276782093043
0.07318177588006866
0.07253291853386536
0.06865703781931735
0.06745296060780537
0.07020824079489171
0.07519293569453143
0.0759936433378209
0.07286564567800448
0.07231836462239491
0.07182121555677433
0.050891771830524436
0.07066014810847097
0.06879192097310714
0.07163802475880642
0.07319307141801067
0.07238413346358219
0.0737567891767401
0.07174979285050924
0.05930350144203312
0.05587880268126649
0.07406485338979014
0.07451853133566373
0.07571891466439652
0.07058704160781631
0.06909236492388228
0.07149346294441135
0.07517310496379444
0.07537107835404801
0.07151389515948801
0.07099259042032743
0.06858082046166325
0.0679129832475947
0.06170381262576537
0.054961464116407656
0.07103442516059318
0.07275928991422331
0.07232403587609577
0.07110560254186292
0.0688662941736692
0.06817309417176085
0.06988611775839064
0.06383004769767137
0.06423305622967974
0.04871794248175241
0.04254825829159058
0.03585667806607201
0.05574803042174491
0.07321970211477925
0.07212258993991111
0.073819824607516
0.07570613034264612
0.06823127330603605
0.07041566786377275
0.07282358280929667
0.0648403430199897
0.06680330664694838
0.06764815903920908
0.06762490902648291
0.06370279132408492
0.0666634089396608
0.06560513322680181
0.06777640915898289
0.06585913223377791
0.06749832028999785
0.05883906651431002
0.06577519618376279
0.06371266257056449
0.06190792211290687
0.0648652843960827
0.06066372053095877
0.0663289313697107
0.0616151034477756
0.06523292714068393
0.06524505449961283
0.06245575312711485
0.05809646663439355
0.06425106375825475
0.06534127923441656
0.0526026705468317
0.06353298202579188
0.05807315292588854
0.04454010191050985
0.05759466191938694
0.0628699916859124
0.05331677766143726
0.047805190546704984
0.02627206370084686
0.02215902578832715
0.04848199640163894
0.05758459464442111
0.06271553608814238
0.0628227040283995
0.05967475490745648
0.061352819708269016
0.05870733076054005
0.06001785397202056
0.04980415443174981
0.06158851046332717
0.053814899772638064
0.051122882139331347
0.025726758778808333
0.05584865324251838
0.05938190205974539
0.05312439359454049
0.03795093331777102
0.03964871124614751
0.058642479559330433
0.025406636081447193
0.04305434333850933
0.05488669582882622
0.054811985435806294
0.05207566851492992
0.05361977830353183
0.05043947852178212
0.056549794678101194
0.05462042365637852
0.05509144983735412
0.054691968997539496
0.05275703581167741
0.05160370936654759
0.028754594354470572
0.038034237855340956
0.0440365552307826
0.04818569314964134
0.04982984490812721
0.049535463166168324
0.04969874323442988
0.04919083483640838
0.050265175501248795
0.049887308532319395
0.045299575091118656
0.04952754406608235
0.04692522947175614
0.046047701873780836
0.04922111685395177
0.04709430955609433
0.04188316040157077
0.04794879686459542
0.04650918780851871
0.048811561033641544
0.04576416993969737
0.04190309915676167
0.041248508513924746
0.041580853402064855
0.03984517917852456
0.037547092181283194
0.03407420986479995
0.02743865737874069
0.028191039319765028
0.02171038916515198
0.016380053138971656
0.019824402256589324
0.01722297605154716
0.02986620317982136
0.022669156201601544
0.01863842709377938
0.0134154148431783
0.013611183119301826
0.030975753998056167
0.023785748117964675
0.02712805971517047
0.023306322325232144
0.007801625413742463
0.02092863055511494
0.02393234606722204
0.024341413524152686
0.028353536194182696
0.024307160731448365
0.010250274305846277
0.02185218829282041
0.035200989590168645
0.035511044193577326
0.031190206198744134
0.030359337453033743
0.028743303893511887
0.01670713962479381
0.019570623148526325
0.025579678477262544
0.0289158753528619
0.02298442836357001
0.029452738441113627
0.03392737382913268
0.02842638253651701
0.013753711165927485
0.017191920800486236
0.03200693837779455
0.021652110614741368
0.014968266469303023
0.028132011319141514
0.016643858104679537
0.025721670138750655
0.021721279883874414
0.012102185496139317
0.018011358290784468
0.0211194283512608
0.022834336229859094
0.01813079377974453
0.025024799808560778
0.018622178278863182
0.017375661803673045
0.02085457788682149
0.020516509630652973
0.021171212874534696
0.018331977901917394
0.02048945397300473
0.02231248237855733
0.02171936892731835
0.020447348145968918
0.024567121239729227
0.02384002524392116
0.029883203136740727
0.031858082781557225
0.020914925259721495
0.023572706207599454
0.030330576917116256
0.03536152028618926
0.026004776124460425
0.03182229112200454
0.019498155878373395
0.035758540854507186
0.03291727556986113
0.02668646219765701
0.013772375590246355
0.022483184935270843
0.012586234474572886
0.025364410223966675
0.026742126386330268
0.02827169690690764
0.03349726254186769
0.02722545848780895
0.02691019360390325
0.036848500230513795
0.032821901862211574
0.034085109799453416
0.043028743324126595
0.04476803968643246
0.030243342894273807
0.031178630640709932
0.027796215102571367
0.024653430754307426
0.03587542188497713
0.03685922124241175
0.04258236770652219
0.04184245491900115
0.045217002063510994
0.04775925853229624
0.03190522434559377
0.01345981633757835
0.03570846662929128
0.019999729949324883
0.030769529313772765
0.0350063700667748
0.03903093228733874
0.02784679063169747
0.034973163946509754
0.04672262500408845
0.03676028584289499
0.014673257460770028
0.03607625630600135
0.041962910974826025
0.019034263503825442
0.05328135286730616
0.04616763718694409
0.0377321026279567
0.043254616657843095
0.044347987474255106
0.024816651418743417
0.020566881844455792
0.04040008647461247
0.028942246118025438
0.03716969849336891
0.04274509213912273
0.046381357574275354
0.040221045957340724
0.04946493734724755
0.04562172037934631
0.057306987035538916
0.05570020968723511
0.016676280192801315
0.022335609411247688
0.05227209672717488
0.045947477568010105
0.047412822118993184
0.024833882737282997
0.02891634796748058
0.05506023730908269
0.055189288915781544
0.05690046975974046
0.04604796633155783
0.04264080787081276
0.03808264241825602
0.04492959790379881
0.02053266120868738
0.05833113515454329
0.05789821365104747
0.024711317127880928
0.054201794968372595
0.04422060504013228
0.04249839394138003
0.05815543632753088
0.06211673881476593
0.06255264247103827
0.0648407816986863
0.06201470723049355
0.06131730277400401
0.057874950943423265
0.06451869825973888
0.06267444082352988
0.06583686271548163
0.055016063266845314
0.06557399473512875
0.04082436737585775
0.04824764469086509
0.05893705457990817
0.05921620350406985
0.06572234545918137
0.06900569951662168
0.07012138628194887
0.06930180942777936
0.04641969658310348
0.06268210230122306
0.06633504693518141
0.0694576746594644
0.06466242098124286
0.06745949149071473
0.07005597289816182
0.06995777816372434
0.06947686709143121
0.06371273009640054
0.04448378395249228
0.028615362463894553
0.016173538744990272
0.003484649065251578
0.0
0.0
0.0
0.0
0.003260482955699667
0.0007796837324905232
0.002937594429920274
0.04440618236728391
0.03865524145648287
0.0701569060355163
0.06937407529795556
0.06665390971974502
0.06127541008414078
0.06958232342281348
0.07499094137968823
0.07419633309172441
0.0701384246357549
0.06868201008001933
0.074327089327576
0.05369649019789285
0.07368714023290826
0.0750806717046302
0.07286114712952162
0.0406762784915722
0.07688896189771369
0.07553290943537606
0.07469516498070676
0.07363151965156307
0.0754478125818443
0.06743900734373187
0.07003323022509254
0.07437553124566293
0.07321322138998534
0.07226521687063045
0.07215666321315173
0.06869348681986738
0.0488347273946192
0.0727412487691359
0.07414146507027096
0.07045357280853345
0.07137559567317808
0.0720887511296754
0.07268906422783597
0.07362253953841591
0.07587848678287488
0.07479261545030366
0.07559638204914859
0.07349376750004691
0.07490761145823109
0.07609536096335522
0.07169360260720528
0.07366444574303398
0.07340476817012605
0.07325640360048322
0.07362518225479284
0.06789280455767628
0.07269330022305225
0.07626958744990811
0.07227756854064153
0.07427961350545341
0.061137859222975335
0.07202946393384657
0.07219172380650708
0.07069938060553888
0.0690895916409985
0.06374792155964332
0.06934508607533356
0.06956026881852438
0.06589620574902029
0.06690743515405774
0.060989588045812074
0.0664093122614225
0.06975783074635335
0.07007811463969196
0.06927624141659147
0.06861870743909168
0.06962152941813798
0.06861668199154286
0.05796209359863549
0.047925550592695654
0.05339861048968978
0.048863305881181374
0.05866240032996859
0.07037543920227653
0.06593370236288564
0.0711971522216496
0.06712266847709561
0.06329115159614752
0.06643857534405506
0.06688179387488842
0.0633648059931203
0.06223973694049472
0.06023384799141478
0.061200568631794336
0.06939796254196869
0.06703266436917574
0.060595885839701207
0.06585596462384415
0.06435487919964422
0.0674467988045346
0.06298130850226069
0.04714741443974834
0.06373067227234654
0.06339242490055018
0.06314257840225516
0.06288044214192438
0.061059298997805316
0.06200155745338185
0.0629019293379018
0.06388566880755628
0.061475845152486344
0.05947710736452756
0.06196962120290687
0.05068771419449641
0.06254066639259412
0.042980193519305446
0.06099620377964857
0.05371392949943512
0.056570014278637684
0.061842401426239375
0.06180501852963228
0.06242136056171373
0.0618410978353215
0.05575568613750602
0.05909585030353101
0.058799579951395294
0.05933474014102142
0.057609640967502686
0.0507713529663632
0.05538522369363491
0.05583449524168155
0.054526021957805273
0.05333047823823374
0.05444789127306305
0.05465582580208035
0.0599869671528223
0.053973114972239195
0.05628297997082551
0.029208146258253263
0.05323420238013577
0.05075341658765451
0.0527552660193774
0.051263346706074076
0.05014304661112783
0.05075634240862264
0.049915281729462975
0.052708567213506585
0.051721516677501134
0.05194368844128453
0.051944749347448776
0.02276417222644072
0.0464366198642749
0.044076195257951
0.04443333611348121
0.04849953067934467
0.05042333500603483
0.047440789425864494
0.050577642671072585
0.034439959663850724
0.04926323246559767
0.047780986748744224
0.042867757520638726
0.04116303580223189
0.04363121733865474
0.04783530047821403
0.04769171260888241
0.04862175352610297
0.04765554051360622
0.04728706242348932
0.04766109574494444
0.043290837087186035
0.03066339689458321
0.034617416101234734
0.03729282832623718
0.042042908794914645
0.04174932439564421
0.0422513321498043
0.04224898112611808
0.04410051583428582
0.04390421929995918
0.0413634560275169
0.03661315733841657
0.041923572669892044
0.039877278730691024
0.04270890339338148
0.038508087557628676
0.04148791229532461
0.03431420349365774
0.03324066271068881
0.0368233190427781
0.03640234907753463
0.03580301476747866
0.03580705827626371
0.0323885160352605
0.029080825613451586
0.02504707309802601
0.024200697652918397
0.021380028670179834
0.01928858708732777
0.0201713622178764
0.021284497256687247
0.032949900471451625
0.03603451848579444
0.039216929282423055
0.03237117884469361
0.020626751684492437
0.038388223021574235
0.03489817668263778
0.03267891543821795
0.031858964455302084
0.0298727771291806
0.027927379976779743
0.02301862796977256
0.020163503492515403
0.016004139921312884
0.012959533505336377
0.01702146035982073
0.014728718594058077
0.01766117546317916
0.026067135806765715
0.03515472175829165
0.029543279091259075
0.030940805645201526
0.0356427315959358
0.030169790399314108
0.027890163708380763
0.028094686991736423
0.025099410424343015
0.02384108234969152
0.029379085013016008
0.023121401365186395
0.024102270626586923
0.022213026709733717
0.024438450385622416
0.028839992323327093
0.02137987690982518
0.020945953271683367
0.02003478046630202
0.014786739374738773
0.014433634514624278
0.020037300021369633
0.02427182117168729
0.009514192719067937
0.024022264271780877
0.022236417841208247
0.027496209862110273
0.03642163869642936
0.03381194424233735
0.026637635679948556
0.02982676926867839
0.025253375675072045
0.03450739046069613
0.02703939641448051
0.033621382578032946
0.029399838178921396
0.006856665106096941
0.023195950593164236
0.017524335758331754
0.03426157098760575
0.013555771738116973
0.028042406713252123
0.027021196699108976
0.03362215831124814
0.037625850854884124
0.043186935349045545
0.041681688261957596
0.044194654390241485
0.033479863112166566
0.03564560034922954
0.031295662567954734
0.023445861372622515
0.02821954776367077
0.02425979383026852
0.023908681281982615
0.020984116798311383
0.03851722877689426
0.040289928748261226
0.025888755404547444
0.03587364006000636
0.03549153073261042
0.036483790051806686
0.03346587831085141
0.03808086540374068
0.044299737404028185
0.032900239783267754
0.03339558349313914
0.040069206941985853
0.03747707388031697
0.04831971569501156
0.04074608438482203
0.03252878205037428
0.03830249596985542
0.04268494124437751
0.04604422617347713
0.027589558038164378
0.027082243387422017
0.035330087518979154
0.018348949741277903
0.03595483555234985
0.02747400294639164
0.032220000418547536
0.045088656351619814
0.04806150273376129
0.05068219678744275
0.04313072671089287
0.04543250411144385
0.042754793224456994
0.02531552751870731
0.02781169591018922
0.054440702509910566
0.0561122928894383
0.051123683401997085
0.017598982616939478
0.030954615475140855
0.03340334545727564
0.0378273898215409
0.04361738101363776
0.0332389031810579
0.040628078418025335
0.05166041689452255
0.05629024515679187
0.05347938534858884
0.055794846162807214
0.04714658464896406
0.050810332785856914
0.056286631403571145
0.02403176434380933
0.056754483520644154
0.05793369288085701
0.05901495716086951
0.049795344040519655
0.050723659425898585
0.04388003312274374
0.04931379231863845
0.05522051098742888
0.05121399807057875
0.052453836383115286
0.06151373774329058
0.05133401797800964
0.06178173971211112
0.06350141945030376
0.06108176574473267
0.06056601860919035
0.0598129615493556
0.059998526621168724
0.061846162457285664
0.05799795573285042
0.06178065187597899
0.058817573412757417
0.06201195679955007
0.0593138966560258
0.0629524165062711
0.05957469116563565
0.05799854834789666
0.056358531793716846
0.05248809226220964
0.036682523748047584
0.012586962500683007
0.007116786366003865
0.046748045984467766
0.027521809354982652
0.060833890238782426
0.06650285402307714
0.06508426457788132
0.06602184736071141
0.055074012571234156
0.04429301945037803
0.03889141788957436
0.06140495458605946
0.028528304672432916
0.06547208428768315
0.06841607874185475
0.060618012167817856
0.044734889137788864
0.036379873094484864
0.05564747990368734
0.04078316441061035
0.031005266476237706
0.0329142591587674
0.008545452799840786
0.0
0.0
0.0
0.0
0.0
0.0
0.0
0.0
0.0
0.061843140396315874
0.012578924117479429
0.0
0.0
0.0
0.006318927153557962
0.0
0.0
0.0
0.0
0.0
0.0
0.0
0.0
0.0
0.0
0.0
0.04442308054115604
0.0
0.0
0.0
0.0
0.0
0.0
0.0
0.06548542943850764
0.05160893252836414
0.0719109690050646
0.07044531130847156
0.06908292749814234
0.06924476304900455
0.06515876606918479
0.06462368195328005
0.046668571891310746
0.024292261114334256
0.007244198023149601
0.0
0.0
0.0
0.051395790993163847
0.06893774853675745
0.06470934109004733
0.06830573273273796
0.06381091179031592
0.062101879867671676
0.057875580378519836
0.045477145175470864
0.06393976449231498
0.05594324614123239
0.06926309535336156
0.06670428164885911
0.06822304403071745
0.06134792495087823
0.05464075577467459
0.06570157155939521
0.07086255401322818
0.06680458707903669
0.0669517318600754
0.06200238624203798
0.061342327006509045
0.05966770733783168
0.0630212668066943
0.06171502452313514
0.06271819697246386
0.06157458070529331
0.05562292157365325
0.04679122801073809
0.017289090578033833
0.003464947526132971
0.0004417338672262282
0.0
0.0
0.0
0.0
0.0023627449886964745
0.06391191309504793
0.06326400143062477
0.06292436901477053
0.06289425258145775
0.058443604786476006
0.05103493799042585
0.03591993920044844
0.008635618253113124
0.0022736665943716553
0.06224113373259699
0.034763520679545884
0.026295273069182876
0.029647443503787615
0.04292179883609596
0.030849123317064957
0.02838298932098081
0.04508903573604669
0.05585273106440073
0.0645807575879763
0.05861334797348075
0.060707119453321544
0.06302528745178748
0.06244117992705582
0.0634777801339267
0.06108812704142032
0.059742778171980586
0.05705290220721243
0.06083314732259148
0.06095106554974546
0.03726632314843292
0.04700535000513156
0.05558498686010432
0.058389586992715355
0.03904570304738241
0.05455202187387575
0.05687345563535748
0.05784343120291239
0.057370831042217095
0.04500219126643887
0.055750313939059305
0.04617553621392505
0.023270624212944686
0.046933532130932536
0.04707255061668361
0.05603684614952438
0.05500717869004713
0.05575679005880381
0.05289104748499674
0.051686318415572585
0.05310851666508646
0.052194780652535834
0.05452551262712516
0.05290142106361106
0.03337406966127933
0.04206775141547553
0.0333817827306646
0.02475914369903586
0.0522761498224898
0.030888035782872615
0.0337218356976755
0.022226721935389143
0.03411627481796955
0.04385701740057779
0.04540309259419464
0.04804338777583964
0.03766968984000162
0.01815287162807333
0.030119301852672753
0.048088587039453734
0.019977654502203228
0.017553155620416726
0.04164506814618775
0.028371381963763195
0.012134431626975386
0.014031085558722744
0.021384985210085836
0.03574108238225195
0.034376857861769146
0.03655462314740531
0.035600091872634486
0.03885419444819125
0.02192215284543612
0.03100796415723016
0.037008543135793055
0.04112792076246669
0.0427779278060138
0.0394626675985668
0.013160769040884333
0.013895260793663655
0.031981159430635286
0.03885482233258856
0.03898736024247694
0.01095275418927825
0.01030968426148597
0.032714797798090244
0.035374550091646736
0.035299713303619425
0.022665490085871567
0.03214829841368444
0.03195792871726971
0.038924191182380975
0.038561876601360456
0.03520406020013361
0.02825773731542903
0.024935335330642034
0.029019155077320793
0.03654609701923489
0.025248697517114786
0.027179351698164857
0.0314348243023906
0.013646732393287692
0.012182371970779931
0.021475489139897923
0.02349823111659927
0.02778968904361337
0.02316564050223226
0.01414242204751784
0.01618405534557165
0.029870177992868098
0.006929790395373542
0.03082066329932549
0.03120670239393637
0.03172696718976595
0.025608586073102915
0.028361167966767086
0.014914296759209562
0.03661277609779969
0.03397550280272089
0.03696518794054898
0.03399173685218847
0.007734753358649693
0.02615739110357567
0.02694131242028408
0.02596232676757504
0.028377033417849435
0.03461395927545225
0.030175177860587633
0.035098170442296135
0.04378212731151169
0.02071441792505875
0.021087913304092338
0.02658703151133885
0.029054214693170755
0.009713383825038405
0.023297176538792812
0.0319562314083003
0.039804792487901294
0.03440789971781669
0.02580394783235798
0.02215099321496465
0.024327740812019872
0.025513488588770797
0.024113323763987907
0.021507658286402217
0.02307924156851101
0.018316420397518
0.022344974496755002
0.036187026847231483
0.012924709956984788
0.024283832016690758
0.015442308212841763
0.019799594077262662
0.025452952328412583
0.026827042336563935
0.01914738450442625
0.02515605631248603
0.01822065869476541
0.006525175429311783
0.014209948650391957
0.027440762842788385
0.03207801121937309
0.04026617172627338
0.043988358108294406
0.03256938560046382
0.02267013079458944
0.026913372249528715
0.027518370480197327
0.031079130914174597
0.0231644927432639
0.035733788767341845
0.04028844194077071
0.03532807754678028
0.02442400609513008
0.007887163244912496
0.008133790515066486
0.014934216211626727
0.0317686537821267
0.03421253906704633
0.03557642157234008
0.023636845688197343
0.015769646701106404
0.04067337136925799
0.04660437132586512
0.03799267275453867
0.01831767401121053
0.01360946522323291
0.023901501990265785
0.02856388539835405
0.04160338615932239
0.04021405868246573
0.0441123465046331
0.04808126607178473
0.03199232341538816
0.021496576694965977
0.04949960356866789
0.057210646945134926
0.04706861087243728
0.035790644226442674
0.05155508742818007
0.05356434226727697
0.04804266509008533
0.028657774454472644
0.02621349091336934
0.024307732593225776
0.019339187521383066
0.009655876451254956
0.016208110995214374
0.046328409523365074
0.06037477358775498
0.06000557362177347
0.06232785024201049
0.0605962595142145
0.06183751064033578
0.05918771939150056
0.05801181726535565
0.05644330265092384
0.022890807282731022
0.042796585816645014
0.05428556473784473
0.06452475974209856
0.06422882824778614
0.06283832995607208
0.06032012669860925
0.06408581813649962
0.02220859822130398
0.025699822973299435
0.031198290751434824
0.01988722543083148
0.035171021524586635
0.06535642276590285
0.06645552708259861
0.06655138784435428
0.06845533613087873
0.06748913134455334
0.0698815164622595
0.02536423208131197
0.03741963158099348
0.06187670789310075
0.04913873783434272
0.06920728317306757
0.06574383468835258
0.06501866869226355
0.03418526179281058
0.05839920325142073
0.07149858710043944
0.07237533029460827
0.06976825770853869
0.07160047926783346
0.06904075350592073
0.0714162737565766
0.06473699705444112
0.056462698328657746
0.033455986070793114
0.05714479243214805
0.06900812289826243
0.07038236088434044
0.0702367047663249
0.07022331495660288
0.05626227622100029
0.07143999785840507
0.07179110542121955
0.07173891800661383
0.055550729541564474
0.07066343317482969
0.03352691175960055
0.02355151475665884
0.0491155621245911
0.07198353656495973
0.04515092959594706
0.03205202312736312
0.04067896846495625
0.07010163855108079
0.06233869748767977
0.07324973305384133
0.051574236247395086
0.07380755238513663
0.06643971050447015
0.07402497852190427
0.06611148125370073
0.0751851038155134
0.07275789782231817
0.06338850098970879
0.06615428882857047
0.07571564191349424
0.07402682366774836
0.04731308789409968
0.07237286178207979
0.0750832685902401
0.07466537565077704
0.07475821776054627
0.07712237159115451
0.07357185420590302
0.07507794486411884
0.07301305784261639
0.04769302464520988
0.033150360755610904
0.06828907809979796
0.06929286730209992
0.0771642282860673
0.07359934989853503
0.07462276012626669
0.07132835965228086
0.06979807519173555
0.06805295626874415
0.06830922346593223
0.06880715946401919
0.05664047984603702
0.07413864131867433
0.06950455355016795
0.06063953873942195
0.04025676461448571
0.06370436289526729
0.07076170063235744
0.07327315593229358
0.07146782995604967
0.07225235538207565
0.07091419395973193
0.06881196509092909
0.07071760319215564
0.07134597509265934
0.0743641445015928
0.06904977427788624
0.06909706270745344
0.07156199318342193
0.06920657205519702
0.07165881203420947
0.0718981412755621
0.06850202407648369
0.07271056062596795
0.06836527209698351
0.06818823903850303
0.051055370260439714
0.07086949001814644
0.07037005268811303
0.06949671679082413
0.06919885040749126
0.06568358891698589
0.06782972197995119
0.04352205188647006
0.059064522331045144
0.06376128832652495
0.050038760089483374
0.06758840038101943
0.0630639567333153
0.06774382703006437
0.06805600702171975
0.0644995058626218
0.06296754650741146
0.06463839463364217
0.056118783534974286
0.0652062872119546
0.0644976777652713
0.05960599995586011
0.06508132197504553
0.06509855319482404
0.06123657539023653
0.062272099992910196
0.0639888371489659
0.05915552917471249
0.05957090901555955
0.06610722227718895
0.05939808861769538
0.0634691603874186
0.06393318914383896
0.0644246721104426
0.059369304529840655
0.05918178798512368
0.05885612581519513
0.06030998632783
0.060128869245547036
0.04587565458431809
0.06064538528104898
0.06128511849208542
0.06083381716727382
0.050752356386885904
0.061584426776346485
0.052380312109857
0.06026976850099723
0.05479205682408398
0.054497996942820606
0.053709201328970425
0.05916791912971345
0.04309825355272939
0.04212519369400442
0.05109105098010216
0.05628838078811645
0.05804211417964411
0.05764022543935259
0.02023156956854183
0.05612074293719596
0.05996483590822745
0.05559520658870584
0.03891771049241422
0.055462093990918115
0.0563936136426955
0.056034078269906404
0.05610976863043519
0.05779633298154919
0.05409796813139543
0.051625283237735936
0.051844814308239714
0.04654042462728506
0.050363334109705574
0.04662597599373221
0.05173691609426873
0.052017169172756436
0.04894722272494979
0.05315954584946467
0.030488520905365735
0.03751044636941268
0.03456120713033934
0.033527234761709115
0.052499016685286566
0.05244815141733541
0.02483083918147027
0.048433458559252025
0.04714045730977186
0.048265954369431444
0.0471663024745134
0.047765801503942475
0.04854370332960307
0.04774912354096758
0.047982750620787294
0.03707265836856652
0.0398811496694761
0.03487370128351816
0.022929779149544603
0.023933385297490384
0.011709769854165945
0.041640699279803274
0.04387397430778893
0.046313260087201345
0.04618177682476834
0.04686451319778202
0.04707549802092257
0.0451739121466063
0.03590131883944561
0.034663628904692156
0.041951127300392695
0.030377990606583777
0.0306929418388956
0.03367115814366916
0.03796787653167174
0.043931581941738955
0.038220040174982775
0.028933511306095592
0.025469077658255946
0.03960353632800805
0.03804761954497702
0.03364519582392646
0.01367286828317275
0.038506953043045515
0.04115600612092448
0.0414834550925132
0.040921901553574475
0.034253677790464454
0.029886579339109258
0.029638898407788737
0.029005904507954747
0.01986431147203337
0.026055120903668523
0.03236275966615625
0.0370934245485543
0.0284163840678791
0.018968962220252576
0.01382475489967955
0.013963951583427498
0.024403383792233647
0.026272024929041786
0.026562721356632527
0.029596062567882858
0.013555946488554309
0.03112838308001943
0.027612119051115856
0.02132175235874135
0.009299612720608105
0.02776618148005453
0.02673927755062422
0.01966663158542788
0.02488715691553798
0.020936616623116786
0.02166982308211478
0.024357128033610783
0.03109440384228057
0.03488703868917998
0.02764076621340648
0.023962710902902147
0.026080200992884783
0.03320863731520338
0.03164110589334153
0.03499803134028221
0.034238461925566864
0.030840787598909177
0.035584788189849
0.030885326598074178
0.03855628641773006
0.02913637904143879
0.021054934172126
0.026614629334001636
0.01901671351330659
0.01942261152283408
0.007348914972811295
0.016196866406792233
0.01717489149410127
0.030992675243131894
0.03495542810093047
0.027749950075272384
0.030892249333493427
0.02330640839666994
0.02709708507577108
0.014167932996648121
0.024094215109041
0.02004807388507042
0.021519754150853457
0.03180028198986652
0.02379581486403695
0.03421802804623319
0.011067350123951158
0.010631015812553522
0.01529866991973839
0.022244015455535962
0.029925300352945765
0.032362746126745105
0.021636527728077844
0.02457360429759522
0.027567012965995185
0.028171224745640582
0.03119536236819742
0.024967546067408586
0.016124763078278294
0.03352020533456214
0.02846975109069464
0.021734076966162523
0.03131100154357344
0.03080703506602703
0.01780293474322575
0.03727399811555238
0.02500279850961792
0.022760672542740026
0.021385847369959878
0.015874890423863496
0.03172896474687335
0.04354066172308402
0.04615643699241921
0.049119483931263676
0.039820188346327834
0.03438522030828019
0.03408181094338398
0.03532651130690275
0.017129983048157865
0.026185621328832433
0.042462257372651226
0.04787083516267375
0.04455274269154949
0.030627927081924623
0.05504354188030273
0.055038889129219386
0.048277293675904956
0.03688781168524395
0.051047215136563066
0.040806067545519256
0.03566272172648505
0.037334216077781736
0.04706460051370303
0.05333016095293849
0.04425039076321653
0.05078539645012303
0.03292335654935733
0.03151115869388584
0.031229227915597346
0.030721563768808198
0.05424551242945992
0.05224918166231277
0.053866070901955776
0.03546475050530699
0.03974836624440693
0.05158492533910937
0.0581180175057555
0.06135044196264215
0.06064917009234414
0.05998157481086991
0.058226424186249084
0.035447092461165994
0.039750744916520094
0.05010675689311635
0.044088925417122254
0.05220061368713683
0.052137405231706103
0.05004351291588475
0.05653617484687654
0.06268160478867851
0.06113226109268061
0.06512218993298254
0.056812680422742554
0.05110461810804777
0.018727685795980054
0.04622365638078191
0.033372372694933594
0.06089444793289894
0.06223254961710088
0.06485920715330228
0.06525830688767137
0.06522694362863697
0.06552893355561416
0.06602904092758163
0.06614450135846389
0.06704593235450731
0.07141845292086066
0.0669105395963696
0.052547544433472086
0.06458612317454863
0.06178716362819755
0.06648687489227421
0.06635307065661476
0.045899746264129924
0.061838135056587314
0.029354751817284797
0.01604873791389088
0.053133700581611994
0.06918894238134818
0.0667049276809579
0.072672770475622
0.07028710355220069
0.07075574989627878
0.07084792042838174
0.07221128153417873
0.07139932819573856
0.0724239591881709
0.07151345734287576
0.07142930255701391
0.07138596879402827
0.07112795647169468
0.07062258370142305
0.07321824974400618
0.06756012035456808
0.07003771227985978
0.06881915142565609
0.0674249779603956
0.05351778949955177
0.0329024136295663
0.019810270579145393
0.0017062534207623562
0.001382204115671143
0.0207377303998145
0.06635425193901946
0.06948084788339724
0.06832642560392405
0.04397380995757082
0.03190633037608393
0.07131332155123836
0.06361440973657846
0.07119788239365658
0.06817746788805416
0.07310099987216281
0.07069120953819871
0.057066952680181436
0.060999355014909426
0.06556183907152233
0.06431898953752427
0.06791511791326224
0.0670683332998504
0.06449521681827679
0.052285602088348794
0.03763342398460404
0.023539047511226683
0.010311571877304049
0.00616176997426953
0.0
0.06802544434387366
0.06820114858080599
0.06867595011908464
0.0621026070127579
0.0538622651124003
0.07078129395727634
0.06204804694566009
0.07210887932618633
0.06821259175364487
0.06840144976252607
0.07020243887805057
0.06921572819902594
0.06711202466365558
0.06607382299706441
0.06873677945064047
0.06723802758652708
0.06393926354141194
0.06779953461844991
0.0608301098174072
0.06891978393500578
0.06342858075865629
0.06597715573754877
0.06396398771256769
0.06250952535272133
0.06639366826791022
0.06710644063746544
0.06670902768927658
0.06403376229535544
0.0633401959045921
0.06667273393059735
0.05731331696419322
0.03716736138476682
0.06325954953726953
0.06206241519001536
0.06236784987690254
0.061594584647986936
0.06595810212435137
0.06746285737127007
0.06368632063330028
0.0560750993892431
0.06368604973909991
0.06407621059396591
0.0620680034060078
0.06461400437296254
0.06385323495881379
0.06373929396241722
0.06136301383768094
0.062107264311511715
0.06246045549769089
0.032014094456547425
0.05348850488107968
0.030887534076910916
0.0338390844529646
0.06276782681953953
0.06381796609048407
0.057250321111140964
0.059850018701013176
0.06091161546566148
0.05963591660217751
0.05954672531252191
0.061837183423691974
0.06469760957737508
0.06249898869285388
0.05940129062625847
0.05899115673225019
0.059017796764801754
0.04565002967100898
0.0376768547412386
0.05726651532570815
0.052649810266033006
0.05801484492189398
0.057884241155781745
0.055385943207234764
0.05898530912785158
0.04496905558082277
0.021868240189256722
0.04272605016181915
0.05606320397190399
0.05726609473278596
0.055332148393490065
0.05762331711689437
0.056192139169267505
0.043156535209976844
0.04159658943186574
0.04585858065835619
0.04289448576279019
0.03506037564950097
0.05358031980458099
0.05334240715089997
0.05399657496055693
0.052743320023787996
0.05389577004406075
0.05483930554073898
0.051220033588393776
0.0554929452852988
0.019242136620982182
0.02335509166884274
0.05503236031837466
0.04976263262133442
0.040727284057391656
0.044714885197177756
0.04825706565793212
0.052399723271559076
0.051808618390237475
0.04844056326963276
0.05005414412769819
0.04980600874905938
0.046696802135237435
0.0524244961794152
0.04801265660714802
0.04550017563540665
0.04488387264227491
0.04439001135275985
0.04481667748464832
0.044822573601649464
0.044243280090385056
0.03596691282661658
0.03698944363850088
0.019551702715868945
0.020755863871871012
0.031980432020532225
0.03729771208875584
0.022914928475352796
0.041804354979011214
0.04511666952147597
0.024239918644548317
0.025971669248729172
0.024564865916754566
0.04249103880820872
0.0460027333706987
0.045935690774893435
0.03322023064764642
0.0314885171881731
0.011386328954478645
0.039681171063252765
0.039013941771991974
0.04106019668390773
0.042801176039563606
0.03205052766824002
0.03144237056848965
0.032745485457434255
0.010029114019451533
0.03201192012638912
0.029327158778578926
0.03362072281021747
0.023206390532267647
0.03916791914747529
0.03128047582422256
0.03620015015613783
0.03330894754945377
0.03974281719290544
0.01745305622637107
0.008625487927554892
0.015942846420761082
0.03609608944902459
0.027689366019683942
0.027699010792329403
0.03609872737353704
0.03078949405867237
0.033022917348039596
0.0343996674439604
0.03202610949463588
0.031147216143048734
0.030494717233124514
0.03402064296122968
0.016774231527345744
0.02402029022732298
0.03848984125155831
0.01017221942599341
0.03148841086286847
0.024417679146701763
0.02920029480188361
0.03148018986361029
0.021054513155955745
0.019739766258221925
0.02505017188913634
0.028953315713483738
0.02793159949500698
0.017617698956230138
0.01307198708684158
0.025547307094526645
0.030400178751465456
0.010324248387470987
0.018444186492437984
0.01749458899650339
0.017079875981101583
0.020658434117630367
0.02031266389472848
0.030243004982851252
0.03102851295834351
0.03221428121858487
0.03763007888685997
0.03467504375541601
0.037593776923462434
0.04057841127134487
0.037552062057273954
0.026875549510601855
0.03394111911895269
0.024981799972027634
0.0266625701981253
0.031182094431710553
0.031177741881806754
0.03620481725964072
0.0301011954668451
0.021225590638207652
0.022504358924162512
0.02405709683199526
0.018261759752392196
0.015476637539596374
0.012004134445075282
0.017012815834871547
0.011221115999482093
0.008930817280422136
0.01596777688352507
0.020576176909336247
0.03185780266670776
0.030797874312913982
0.025689349225615783
0.01821241344395296
0.01614723778893288
0.02047422615605687
0.026643243479125066
0.025722996267796915
0.026586482036066995
0.015993226576296073
0.02944193032234415
0.03832275711489628
0.03857376733461256
0.04074080451864643
0.043620013122037844
0.022111046762779925
0.03291460956580627
0.027695848611424344
0.03644827608082562
0.037852331513697754
0.02693951573202131
0.043024701051904465
0.044278374164669
0.0345996726307293
0.0312690391699555
0.03226802120908473
0.02329633741258565
0.025383101247207027
0.04598324367268981
0.044373938732367134
0.014820491507934885
0.027124815896690965
0.03520301747182016
0.030256487271790627
0.020271899834460292
0.028997409341489946
0.030646676505787247
0.031247862706581305
0.03906238543066872
0.03619103610780112
0.043637594364943084
0.049431760871486395
0.03518406149661821
0.03405149682552834
0.0370074310454905
0.04034597946557401
0.04559589014447322
0.05215177049582668
0.026820735988504613
0.04186694182529792
0.0172411779647219
0.020321534023079124
0.043919202477241695
0.04511568292259699
0.0548085534337507
0.0503060176418295
0.04560679965884789
0.04927034093205063
0.05750655351408056
0.03331980013574604
0.028053575896068873
0.023764335033698944
0.05254163235416812
0.060768139038132406
0.059976745291567136
0.02811641076418229
0.04559991402336849
0.04514746592762912
0.056979977233193396
0.0607504185131885
0.061751108582393084
0.06181061956380781
0.050437997774251814
0.04364018659908474
0.06223610260041883
0.06053016647625153
0.06264262052278899
0.04219039657652731
0.02432125465561222
0.054598582069446365
0.056493938433228544
0.05697220109882391
0.05923919361174966
0.0612540993667346
0.060783421049461425
0.06283212454725005
0.0636579639585357
0.06344277827740705
0.055522108250797786
0.044059125397224924
0.05996705559076472
0.0437582175877592
0.06442857276556233
0.06172072410481614
0.0420571600467063
0.046853761338432005
0.06622896055595624
0.05920909558085571
0.06329032037982789
0.06287355296090891
0.05109530551930539
0.04505130456818593
0.063074347739012
0.07009534702146371
0.06936388755394494
0.06936986647425819
0.06989540866347915
0.06841985883495515
0.05781378877164026
0.06941342356163362
0.06268755848539512
0.06974929075596786
0.0673880874565206
0.05949683765536808
0.05411193535945782
0.06451448455543261
0.06644677011270117
0.07100244861556111
0.07014882836937336
0.06553935150602344
0.06257712384381027
0.07129128070298688
0.06932772776716042
0.0617716899633524
0.06613955603284667
0.06644992807379177
0.06671932652233081
0.05006334494323874
0.029881371614731925
0.045833546897389374
0.07188391839291695
0.0701291314582394
0.07045962358793134
0.07069946318208557
0.07316502912367304
0.07054441952648116
0.07518519413358625
0.07279688281709208
0.06509573624704938
0.06971354044408026
0.07026425517245066
0.0690310604210943
0.06880593737516442
0.06937864123277841
0.06918089105498935
0.07002162762519266
0.0715599364399332
0.07042079470145754
0.06559038389064041
0.07062861907845479
0.06853040818868304
0.06329808364187058
0.060456676134841535
0.05336329934276177
0.04431673478043679
0.05025020076009771
0.02529331295986602
0.006571264790252813
0.004241309115891874
0.006642406500023904
0.009924128649831518
0.06987320925948337
0.06613595508440742
0.06511716311748773
0.06950344835532093
0.0675371715855236
0.06756729041223666
0.06309054669131671
0.06713080067571944
0.0647347829521269
0.06275846753269487
0.07010116857697354
0.06921088626597321
0.06617932855406695
0.06343326415785483
0.06420510733848052
0.06850644475779316
0.0633007403749509
0.06464359647223074
0.06342141914491978
0.06199576034155405
0.06120222868996898
0.05209925859812748
0.05312492995766876
0.060214432625560664
0.03791732689983602
0.05510506131150795
0.04941995264174061
0.06607620984360225
0.06518043580350089
0.06110446457106545
0.05936519774916737
0.059986484960140585
0.06290531685017166
0.0611769784611043
0.05701213376560133
0.0596673079466
0.0626452289084878
0.061209667631397575
0.05891137361339242
0.06339528769462185
0.061589349962377804
0.05772614407509476
0.05926375961425074
0.056141450684589984
0.0489419638044798
0.059599633158350276
0.059624778521242254
0.058120150363467175
0.056850845156687146
0.0557414834190716
0.059248131091463124
0.05920805467001406
0.060754792267175596
0.0556398138858869
0.05878751514238743
0.05799362218843331
0.057851201096900604
0.055538278419486754
0.05485973298154533
0.054775017641743945
0.05398990971381218
0.054601624595629145
0.05573582484908391
0.056618068458602025
0.05553629982644785
0.05579371916240068
0.053741376730810614
0.052749776291992914
0.052917218740698616
0.04729787660686448
0.04100600909032596
0.03299762133735928
0.03091821377590029
0.023898065194183495
0.008670303139888357
0.005939608864770843
0.0074423712575463685
0.001167750605103016
0.05587419191271285
0.0515607130356148
0.039357948474252225
0.02690096814362491
0.019047679074426067
0.0037189309266476363
0.0
0.0
0.00046292408131679003
0.0
0.0008962906182321485
0.0010996148838027491
0.0013625887618700261
0.0
0.0069286901522895485
0.003691961447694139
0.02300070134103129
0.03918376885114595
0.019442179925096538
0.022658248505233753
0.02556256532413637
0.028317319503920198
0.04940800940035349
0.04645983185425744
0.050233925151968686
0.0478198204353441
0.04638547227650747
0.04778056756979844
0.048844806207341204
0.04856409855108093
0.04312550312720561
0.04099270138007963
0.04351089187081294
0.03197989058208505
0.03533525204937163
0.04001642954254413
0.037750737203079913
0.03406399298026983
0.03675335790327631
0.04072753207611143
0.04241163286243326
0.03916015522481916
0.04275929944321994
0.04077523415163094
0.04268415806493825
0.043200622197866204
0.043182667092038586
0.043205017830195404
0.04077376275749148
0.040453445791474654
0.04095583922764542
0.035248562572254165
0.036475653320439144
0.03750226771275099
0.03891682172838029
0.036504894132281876
0.033928545994417345
0.028904840080806113
0.025013399956113572
0.029433363562467327
0.025151498612662276
0.0122520603427389
0.027086105960407163
0.02412046667042283
0.03480527220195703
0.02259464400662727
0.025140866213200535
0.015082516991993464
0.017688602666843425
0.010484707370810262
0.034865202359326636
0.027221267367445647
0.027526737502624198
0.02380190569462132
0.029515111303150588
0.0060055352248157435
0.023609360480581057
0.024848183567361338
0.019088190984122906
0.02473596517443971
0.02432527728564957
0.02727955005986752
0.024331028415153288
0.021974999645298057
0.0140910708770229
0.007302515093374723
0.026517301159982902
0.018043585563424683
0.019349477194218135
0.02631025802054422
0.022497295684721617
0.021490140192108768
0.024302022558303587
0.02887232333412854
0.030895650589039002
0.019331393478184994
0.029763984585874325
0.02991495763383656
0.03292541898163778
0.029283515659668358
0.030700574343089926
0.02951105054880275
0.030757241812161395
0.00718625704049003
0.029455312135009747
0.0275622612294732
0.03471876269079421
0.023011213777917337
0.022005508957350043
0.028547606006715954
0.036985289906396455
0.02644074076398967
0.026868865415511506
0.03633239120281306
0.0308117172672454
0.026057462314523137
0.026405499934575378
0.02915469985485213
0.03334235322223323
0.029077707915543052
0.03217775974753959
0.03671066719479797
0.015651450085754467
0.014716756576867975
0.018057464308935033
0.03484404481395426
0.031869588417048324
0.027132659356888543
0.02824842713390818
0.0341152785199606
0.02208345289277332
0.03904080751159527
0.03434784787549961
0.03056885425170178
0.032022476095864075
0.04389420015286768
0.018234794688475407
0.028567713689956104
0.030810733054702246
0.032190192082198636
0.028493470947774876
0.028020901156984402
0.031185680584646776
0.00979077194524169
0.026928731501915066
0.0268303033764821
0.03487387463960433
0.04186700918060223
0.044897768933852604
0.04601795824002338
0.017880866255630453
0.022144187621877292
0.029299823715749213
0.04248260724045264
0.01872161437326465
0.03958551175365052
0.04183150157039066
0.03349800858788195
0.03058529516472421
0.03303845252396005
0.04384686063424835
0.048615196470656576
0.050874250908417525
0.04046995806687972
0.03650073421614248
0.04043082510569597
0.02625566538660037
0.04038615883662301
0.04356062791563864
0.049956827526573155
0.05446796051567283
0.05295103731519361
0.054692206693029786
0.0539194236678663
0.05323845133376337
0.047654566441093685
0.049586053799734846
0.051435034020659826
0.04427439012624401
0.04259226702166436
0.037179173474841086
0.019619115001540826
0.03946529857541885
0.04156759944949922
0.03597912675489648
0.03306976438408209
0.038070435143547625
0.047692946491094235
0.04197154376854143
0.055227560023592956
0.05614007954554292
0.05394124524969121
0.06021040628133385
0.06222412457250157
0.05600057781232641
0.05493938386205072
0.058828301407382835
0.05574344274379512
0.057056192804355026
0.036997673775081986
0.051942080712010084
0.05631286816554499
0.05950639874104725
0.056405362212180794
0.06285209063101586
0.059518846669303536
0.060090161102602686
0.05913887760931313
0.058095650544912204
0.06191338029893197
0.060230330296876945
0.0653109370371773
0.04489775612543924
0.04556327594016254
0.06594284499287528
0.06575627160471993
0.06767479751033861
0.04281428440048163
0.03193783717707387
0.0661275598164445
0.06392030187705453
0.05921049435593847
0.06399830839249297
0.06653820023128233
0.06932440585440917
0.06856853745686677
0.06092765821852859
0.06984212113298838
0.031922374997877895
0.034076108812988205
0.053468454403458494
0.0637647171421911
0.05983208890488827
0.06671703027912788
0.06794454393143314
0.06306202224521146
0.06346811922848566
0.06748575934597854
0.06676232639021668
0.06546421453769204
0.06779477466397274
0.07055294072032849
0.07035415184077644
0.06603473326056691
0.06938425806986602
0.06754442839316546
0.06969183576638922
0.07011791327582612
0.07192257465362846
0.07084963781032821
0.07193304472625786
0.066071694674818
0.05223340630471084
0.04132226730837522
0.029211403587251928
0.06999306214954172
0.07115595456339142
0.06678479806783527
0.07123484581674959
0.07123622511604813
0.0654064448802189
0.07076364692432206
0.07029773159907911
0.07232648274902105
0.06922084394283491
0.06769339316874029
0.039501965072338115
0.07185447522958065
0.07071527738490324
0.07072340967104977
0.07021974747684678
0.07232266829678395
0.0691450085027103
0.07050646221544142
0.07100210713617319
0.06489719192077169
0.0735179087547561
0.060735243347879324
0.06883192213375285
0.06391636388848831
0.07366379698742935
0.06942928503349526
0.06959487298496266
0.07046422644409732
0.06582681775052035
0.0649111786093159
0.06854486142995601
0.0689679590366722
0.047790475822223004
0.06993541462787185
0.06904965454126212
0.0679283461639301
0.06904548169039178
0.06809578883072345
0.0704294901399935
0.06708981114872851
0.07123720036933923
0.069178033448547
0.06747206941669492
0.06779368230980169
0.06499859350421759
0.06878675443262289
0.06828922128110217
0.06615546082708422
0.06395033655841571
0.05914824970575847
0.07078080166769143
0.06138448051735557
0.07088613341030277
0.06639581261846125
0.06505109871689035
0.0650229636994534
0.06585763698932637
0.06357133255073893
0.06099754375333925
0.06225169020286217
0.0614852105074798
0.06128440644091177
0.06023845607607526
0.059055771427683215
0.06101541906168842
0.06007956815864131
0.059376217137988754
0.06139814581551355
0.03671236975273783
0.0599274961249422
0.06191535418216628
0.060799218205945735
0.05954153204570016
0.044780978968288976
0.059066430037935304
0.0566454343626702
0.059237686008316394
0.05249714911017361
0.04985966205789063
0.05421331782762399
0.05762855064070615
0.058296830286756106
0.056610770205917225
0.055789780152579474
0.04853850565970413
0.030833289639903987
0.014879254342633328
0.017698242504228644
0.02176831804638972
0.032105455151608425
0.05923969305010742
0.05907073130875864
0.05598215842053306
0.055274564221899254
0.05602200457887653
0.05911998324037819
0.05706118362128794
0.05764900042754454
0.05555921024975695
0.053689010399205074
0.052799629649111265
0.028280700526915035
0.03853341265359379
0.05605409482044253
0.05456486013161167
0.05587580603410143
0.054656418954693406
0.05181358326350483
0.054291346231864684
0.05078004994344115
0.05028146662666889
0.051051508441071536
0.051014356384582266
0.04919540934280617
0.05186554285644119
0.0510286005867856
0.051865564452085226
0.04881243242716398
0.048159238644151885
0.05160342947389994
0.051243635757288485
0.05019912312845958
0.04977685130578533
0.04943929993267054
0.018227038417063135
0.016578824190823342
0.020557660688608426
0.04833202395374661
0.04841755203598055
0.0407719576671271
0.049112634846409695
0.03728326038757867
0.04107428531806261
0.04121052641588935
0.03716726305454512
0.018123813632164372
0.04885702171054258
0.03826302675301373
0.047034454905656164
0.04063927417290503
0.015495480936287385
0.03169863791811265
0.030848879078627135
0.03307721388951095
0.032799935857318906
0.012180487273381169
0.04430004848559886
0.03980591540925511
0.042516745160935066
0.03811660389955191
0.04332602898331622
0.04057175215055961
0.027877000654451964
0.02759690701087065
0.029737118873108277
0.034189847238683645
0.012666115153796184
0.020081584128951644
0.041242500333666714
0.04139253594389877
0.04144785131581546
0.023717637262431212
0.03548985599966071
0.03749798762236589
0.02637788049452003
0.03108973951915449
0.03312525150763203
0.028878342174023228
0.02991651431814782
0.02299544456472657
0.01621102832130284
0.009820420301860842
0.02011938614140243
0.03475508299757837
0.03455882093751647
0.034607591746360473
0.03522957660958859
0.03554640267594644
0.0327025349865858
0.0326720053178653
0.018932004889062604
0.029516279031741578
0.02426846237399202
0.02364875790410333
0.02573373470520155
0.025517054975151453
0.029866917443825716
0.017245635394452525
0.021833726940961713
0.02889279204670991
0.032215510449975115
0.03140757695114574
0.029024045306465664
0.03433817737905448
0.03288801186140168
0.03472997413765869
0.03472395032187588
0.036039756783139254
0.031154744605076997
0.026433968308899155
0.01848409296355931
0.01236952953463537
0.029825812087619315
0.031105804624438918
0.008119473652210347
0.024617402523315617
0.02609654467327693
0.028548023225814564
0.031274554791147886
0.026701383569617293
0.028009102849233095
0.010375698633155859
0.028951480663476116
0.03064582818919257
0.027063771305200483
0.013170822320252335
0.038704138118940135
0.018245642948726833
0.031092964351143122
0.026678922238457442
0.022887392624191257
0.024277367642806445
0.02972379993379654
0.03325488900667711
0.03823204196662868
0.02808981932610225
0.02085982865378453
0.020651786660432263
0.010675995897154424
0.02831466002615632
0.02479202035586665
0.011719553165589936
0.015256982392633399
0.026227346737562864
0.026388191511547025
0.025023190215988027
0.02422005371163345
0.033929824843444305
0.029330800033900685
0.018581031018027334
0.02484923478561806
0.02095828707513276
0.01147104254439144
0.017958216808293306
0.024766850689416888
0.027099738693611704
0.02159514639891527
0.018750358900972167
0.032004611770617086
0.025581558182339596
0.02160944317658339
0.025840497332615255
0.02676199862891472
0.032727463997237055
0.015426635456020505
0.028907677966763384
0.0224574668998402
0.022299798716030668
0.023992627229419996
0.027466385867669287
0.028031565683218074
0.0388979266603524
0.040761266909530566
0.04560945153704832
0.036301078681605564
0.03752484922419822
0.012090150765297592
0.03746202859821044
0.043386521975732395
0.04118743148076224
0.0294506565417147
0.05023180120319549
0.046508951376788156
0.031637656268042436
0.04072076307620422
0.0383035912444396
0.04295166663124856
0.03586530090812453
0.03808713628530335
0.046679971726038834
0.04986157335586144
0.04641518881973077
0.04737561667171649
0.04903605372233698
0.04967878753093193
0.015903816978182043
0.033022099469751535
0.03436491463915231
0.044283428017571125
0.05343712716470689
0.045098032387604015
0.050720961275475505
0.0572776374664354
0.05347848995836569
0.05806097138844791
0.05010887218996077
0.05520550943032878
0.05380523187760908
0.028867116863633593
0.05245005417294592
0.055263800208412935
0.04810709056133952
0.05888495092260082
0.056972394210708266
0.05896089756965846
0.04611828962518707
0.041718851220622605
0.0340715081726622
0.04034015091233364
0.04181916968167586
0.04961663573551363
0.020106368987025645
0.05938299566765875
0.05441922716670116
0.04935153491681127
0.04420019730346688
0.05036830420023614
0.05927666792625286
0.05483085922986284
0.04283888729537629
0.057231013755551174
0.060978515685772464
0.06167926592330065
0.06259985774216749
0.060272597931074555
0.06227532912294381
0.05969971930067709
0.05803847037804322
0.0642907848233907
0.06378931308534082
0.061503415075020454
0.06044477461734184
0.06101500605810029
0.048206260922767356
0.022738486729875818
0.03274229702341121
0.06172328223135335
0.0602018678850593
0.05101837149847186
0.05585501286567381
0.0660808139630853
0.0658149348727808
0.05743018673295253
0.06442104714063046
0.06493326210168468
0.06633221179634403
0.06523578401386115
0.05693850206307729
0.05940792988051045
0.0636588944327197
0.06406415999447902
0.06339427703698333
0.06430199209746294
0.06682499495177466
0.06531351164111349
0.05224301681780438
0.028429547120165485
0.005354396571887353
0.001961618062154781
0.0
0.0
2.8858151580792034e-05
0.00022397705673454663
0.001174685659540951
0.03883967938743025
0.06690253792404098
0.06711111962564825
0.06919455820854295
0.06597223970968531
0.06300170380210642
0.06401963301517591
0.06615130000620353
0.059484633589969534
0.06686246150360964
0.062351879009058024
0.04851812251302068
0.05693698765745074
0.06561138841709149
0.06576386053906216
0.05819288139660305
0.06292969951589032
0.06108745606375119
0.06444263802832456
0.04864067085329622
0.03807995567909012
0.015159078869629727
0.06628968111057955
0.06241043800721072
0.06261118129528077
0.055224307492861155
0.05703337604449287
0.055476936036949524
0.03911759512938524
0.01896042611963227
0.0030775912768862272
0.000733395448146351
0.0
0.0
0.0
0.0
0.0
0.0
0.06563071807795556
0.06182316718463299
0.04732870412675922
0.058743145970846095
0.05976537725070217
0.06324201383603889
0.05946793588088847
0.06346037905896951
0.06017464089380484
0.05810094274439887
0.061058785555210916
0.05913701622666128
0.0594020137484891
0.056501740286491235
0.05966364155131286
0.057030394123680404
0.05725564989287883
0.0614971693780791
0.06028201817074257
0.059140593225558084
0.05932296216022071
0.05535212465481494
0.05413149681437598
0.05171741097863841
0.037773939036596496
0.015147232447013572
0.006510018375735723
0.0001423860522806877
0.0
0.0
0.0
0.010202441422331985
0.0030327998332438932
0.0
0.0
0.0
0.0
0.004882030977972571
0.0
0.0
0.0
0.0
0.05652595286460486
0.04695142249554877
0.039863240583598
0.0
0.0013387838141103118
0.0020560509341319257
0.0
0.0
0.0
0.0
2.2736049615645814e-05
0.0
0.0
0.0
0.0
0.0
0.0
0.0
0.0
0.0
0.0
0.0
0.0012411491356106932
0.0037233601468547543
0.05804367818074911
0.0537416877732437
0.05475312315801299
0.05499860804890878
0.04333472860275221
0.040750903836804506
0.03856002469863103
0.05073678059477192
0.04664521192789042
0.049296746193178094
0.04068754387043727
0.02687632876666928
0.012522539452585147
0.00333316289258861
0.0037233438231298573
0.0038468929581426626
0.0014486290285227045
0.003994553390559471
0.002255798066235887
0.0
0.0009687241924242727
0.01050938957557188
0.0023053105753715265
0.0
0.0
0.0
0.002442055568679004
0.0015158143985634573
0.0009076351664883799
0.0
0.0
0.0003490658783311037
0.0
0.004027799741619546
0.0004081497405311855
0.01903308835658728
0.006222102540384939
0.004043974259931142
0.0025984630474545356
0.024874237394733902
0.012318943570469696
0.01150306506397776
0.0453719100995362
0.036050034650011054
0.039248648546151746
0.04060555048184839
0.04279710095516702
0.04378006820339879
0.04091827043940891
0.04069047265412001
0.04138465554849741
0.04155134739896333
0.038697552877536755
0.03359046812138621
0.029309404144261374
0.03194661502001326
0.03359087259966807
0.0334186757788445
0.035231868600047754
0.03777828337175118
0.04290243821786215
0.02550478643525178
0.03006958875101175
0.03181699566740606
0.03907039374970433
0.030447745546609544
0.03419693677301462
0.04053284365291527
0.03760214727172378
0.029936982483566486
0.027535121982733807
0.016850022087666134
0.017259794342145394
0.03452590825910685
0.03277820072376892
0.029054568280487688
0.03074555933359633
0.03191427103061721
0.026779175317078945
0.03458714780848077
0.018713591407570784
0.024064943039119
0.022882360580534944
0.022913791636216662
0.036239961121720045
0.035873903638718806
0.03874720185108917
0.03969466796698614
0.039225216411726806
0.030293604370473716
0.03708034229830132
0.007914230261423504
0.024573141675138903
0.0232369588511741
0.023500022020224616
0.023257080066225906
0.03107686841495307
0.019979412005608592
0.016263450839709502
0.014530675614147974
0.029670771486640893
0.02356248751309374
0.014252578272957514
0.030427177372384418
0.02530086670623774
0.019298515626865353
0.00571676918974189
0.03155004236472334
