36.74774508329783
36.750672216919405
36.75486950531565
36.75960466592844
36.76551440375811
36.76785180975046
36.76941044266028
36.77267411252722
36.77682306534774
36.78239112359047
36.78475381460803
36.78699487570144
36.79222531328012
36.798460228911836
36.806449235321374
36.80926500678162
36.81411092814637
36.82010363595175
36.82771822468117
36.83173716663689
36.83462618183125
36.8403946442219
36.84666465319013
36.852555174335315
36.85833401889774
36.86393254846389
36.87100339045213
36.87633725854971
36.87943030493232
36.883083628030256
36.88694483114269
36.88974095440048
36.892767857339685
36.89464829577249
36.89620496881649
36.89812178899168
36.90210636724969
36.9079934412767
36.91643700965934
36.92720691320662
36.93707303018722
36.94806064208507
36.95410748314717
36.95999286267717
36.96955928394422
36.979174469288616
36.98252081441961
36.98743131550969
36.994362348838436
37.003283465548954
37.00864445126303
37.01774449981948
37.02994761994164
37.03807855669617
37.051036909840136
37.06189013963066
37.07408168102419
37.08626784752355
37.100401759347655
37.10824169606513
37.112911881042336
37.121135219503756
37.131829929417144
37.140161620453696
37.15255797487893
37.16191532388874
37.17050164122741
37.17561035264438
37.180274852046416
37.186229278401036
37.19401786515913
37.204107221631446
37.215843046690274
37.2288281169274
37.24384888820091
37.25740791020093
37.263876781031776
37.27050266581257
37.277559438320075
37.28616673825284
37.295808117462485
37.30508733495146
37.31602448368401
37.328456477100886
37.343398008695324
37.35904631684072
37.366594184862855
37.372529089223576
37.38249043890522
37.394121518174494
37.402928087628624
37.41081579479255
37.423806563233846
37.43767295423201
37.45322552216684
37.469456280429945
37.476718598344796
37.48797881248096
37.498086524650816
37.5079511289616
37.51871023050156
37.532390148725625
37.54790522072169
37.56378493243475
37.58089199180873
37.59210857550046
37.60675754340679
37.621276478926035
37.636172734632005
37.65363957652244
37.67081138068058
37.68816928472447
37.70563030942042
37.72086491115816
37.73628743982703
37.75246694163936
37.767480061759855
37.78402268050642
37.801483894910334
37.819252242810386
37.831469654257404
37.84730682644713
37.864758124234235
37.88296370911474
37.90159649092008
37.920133568342095
37.93912867794197
37.94914157146458
37.96622521681292
37.984570144579145
38.00266845304134
38.02166811803199
38.03934230458392
38.051784343171356
38.065887340317985
38.08081775766029
38.09167458851205
38.11091978216334
38.12887158061528
38.146039260873586
38.163762467690624
38.18222377407964
38.20134918056929
38.22038119573388
38.23827599334319
38.25439676038013
38.269752969179386
38.28044228501483
38.300248743803614
38.30893601104714
38.325248062406324
38.34262491002984
38.36115768785342
38.37933004764164
38.39746321519081
38.41529568810398
38.43328423417636
38.45049668308838
38.46812983401973
38.48493986218235
38.49657099688977
38.51500853238546
38.53264430957317
38.55018956975738
38.567700648969826
38.58500755919007
38.601048617467775
38.61725732384022
38.634080422194266
38.650221610239996
38.666209883770804
38.68328165680981
38.69877686323348
38.714735519521405
38.72931437487653
38.74443567818587
38.76040106585211
38.77843496907932
38.79655721280753
38.81391581915543
38.8322446764947
38.8483025766788
38.863870322934645
38.87957543697574
38.89623705491526
38.91396082673312
38.92923450308376
38.945671403928415
38.96061375477433
38.97624061285384
38.994393507007004
39.01160007771607
39.02830765791443
39.03868618855163
39.055536139732766
39.07316170955002
39.0892869185805
39.107459339157195
39.124658225420255
39.14133003417009
39.15737231890119
39.174276404067136
39.19101170176107
39.20635299505053
39.220142764686095
39.23452831077314
39.2471764681337
39.263577980567064
39.27893354404788
39.29108589062687
39.306480871055356
39.320679582781395
39.33625488943175
39.34897927055697
39.36396188049772
39.379400993755155
39.39363256186462
39.40878389760301
39.42412146477544
39.43798336929636
39.45443333118363
39.46106902255098
39.47768670000686
39.49347862571285
39.50171213100188
39.50965885061977
39.52186597169381
39.53812126648911
39.55443648462226
39.56988713646427
39.58465148486401
39.59872773085518
39.61235561232567
39.62809922218385
39.64273951539586
39.6569894907816
39.67106170526535
39.685539416089455
39.698384878546314
39.71193129694049
39.72555839009611
39.739737342920044
39.75293344982483
39.766958998578396
39.78157001395172
39.79424207268641
39.79990749594913
39.80988797866579
39.81509198844827
39.82335816538848
39.83769432077535
39.85211160174243
39.86671180227634
39.879266829218366
39.892059057604705
39.90611323848109
39.920213792040634
39.93418549483577
39.948074263940086
39.95467909240912
39.96784967676263
39.98090769506865
39.99471353725886
40.008365455584105
40.020461135795806
40.03441138475862
40.04739633252617
40.05992103900246
40.07151226811957
40.08135024497607
40.09390441489388
40.10550596611409
40.114280946723056
40.12191405586679
40.12561835753546
40.13088755808441
40.14290783371895
40.153312863766125
40.164069864939734
40.174537110321346
40.17961528095459
40.1848918180348
40.19550101319729
40.20651702032552
40.216711302630706
40.227504589955814
40.2385723756035
40.25017527974547
40.26194261889318
40.27357156698837
40.28481050794714
40.29432439585659
40.30402226990145
40.31398791875442
40.32427212844929
40.33487462065651
40.34050179579115
40.35060961973675
40.36061581208975
40.36801718875419
40.377349729414746
40.38741780454724
40.397766984938876
40.407301490278805
40.41748725617004
40.42283437285992
40.4276102899978
40.43400931369458
40.44124179073453
40.445285080252205
40.45497165898952
40.45931783106409
40.46371942481994
40.47126959847345
40.474914694960304
40.480494147352374
40.48598930367697
40.49209479314442
40.495677048700536
40.50104005157054
40.50579184457078
40.51264368424098
40.51645537571637
40.522451978456054
40.529650604782574
40.53307614482962
40.53856126958091
40.544703313247155
40.552697590566645
40.55791503275331
40.566051766597425
40.5713301596201
40.57642249111185
40.58024408102999
40.5832997483544
40.58669448223548
40.59403261875276
40.599699849831694
40.606806146563635
40.60956819492616
40.61632779269466
40.61950597604526
40.62569180273487
40.63080280724567
40.636313675646306
40.64198386780714
40.649153419491824
40.65230507157352
40.65896864561088
40.66339989380415
40.66602404497453
40.66901066825494
40.6753166890032
40.67984159510124
40.68302714500143
40.686669742483716
40.69101464431811
40.697960684206436
40.705728475768574
40.710764575732824
40.71549341264697
40.721346549215575
40.725724590375016
40.73374548702423
40.74266273135893
40.74896355397515
40.75019439508474
40.754724713081735
40.76201637306687
40.770872520372535
40.776961809157626
40.78471057993684
40.79008460558745
40.794972028546866
40.79575693211704
40.8014789377999
40.804675273125234
40.80852935251416
40.81253685478946
40.816945851412946
40.82190881770948
40.828635477011574
40.83121925617405
40.83426438025731
40.83718237638044
40.84284893996424
40.849775777104846
40.855712955026135
40.86287029174119
40.866299840714575
40.87274720417052
40.87858520194049
40.882117636227655
40.8868621528028
40.89309392491583
40.89611931884722
40.900059831504855
40.909169234428596
40.91812998418993
40.92339761203938
40.927446466883104
40.93234127624058
40.939098911863375
40.947510149821966
40.951269027161686
40.95480941009264
40.95912508017045
40.964218884339346
40.96944751573624
40.97297426404584
40.97656855957574
40.984570066470276
40.99308983152343
41.0017212828003
41.011338449373625
41.01855943322113
41.02400324479215
41.030284261487346
41.036220997256294
41.04511057154909
41.051412816540825
41.06063270622699
41.06598063808824
41.077315374927714
41.08747541305772
41.098388064735175
41.10938526164786
41.11854811206077
41.12628117249177
41.1379219795521
41.14929146355663
41.159909581862784
41.17126715066079
41.18391399971627
41.19832898553136
41.21231133149454
41.22466914373433
41.23680288864608
41.24465072966304
41.25576251178752
41.26545631847011
41.27786373939012
41.291371920560884
41.29519898511237
41.30561280900119
41.31975948875511
41.33592749657174
41.34874554544317
41.36155582023272
41.37252332086722
41.38812320152957
41.402966545119924
41.41696178698937
41.43325133274195
41.449237119183564
41.462566795560264
41.47657380670296
41.49138076733975
41.50710164596794
41.522587772655726
41.536686589966585
41.54850445361727
41.56552360145774
41.580934295699755
41.59681107319678
41.60828835800727
41.62306603589085
41.632513790330684
41.64540135227091
41.65927611593477
41.675888916127896
41.69279763931799
41.70495591356414
41.71843859896099
41.730769457506476
41.74745708016682
41.763689770924074
41.77246917975715
41.7808425886322
41.79446878828128
41.80921873045726
41.82375656834134
41.83259660933545
41.84238140043932
41.85649052131545
41.87486408924359
41.89261747623782
41.91074465718906
41.92369349660842
41.942351759347176
41.960790173151054
41.979005008883234
41.99794231879396
42.01658038939178
42.03414364373558
42.05120637902229
42.06912269938626
42.08752564545312
42.10715765247336
42.12577725986373
42.144536389913014
42.1623880439591
42.180816090028564
42.198651248453416
42.216980963299726
42.23469150417034
42.25416907475358
42.272730580243866
42.291780959368545
42.31145343303641
42.329103072001175
42.345658562448065
42.36289434221145
42.38116313801299
42.399364466215346
42.418165599712665
42.43817066963494
42.456683635189435
42.475624948003016
42.48394819693481
42.49940126344257
42.51842412718624
42.528421522611474
42.5423947333398
42.554690447986616
42.567018281613144
42.58620464974527
42.60089752499317
42.613866922188706
42.62762169154517
42.642582141233426
42.66110418777025
42.68130313468573
42.70005781476116
42.7199289339174
42.73905847119302
42.75868459426589
42.77874499399038
42.798025246854074
42.81741898670198
42.836633028435564
42.8557640144331
42.87445994158364
42.88670824733929
42.90012637595428
42.91789572949597
42.93262480840475
42.94395413018988
42.95979327529421
42.97863988515076
42.994950087217184
43.01350266275479
43.02813181771391
43.04596671032067
43.06346407803793
43.0814260225978
43.094244599177706
43.11311543554946
43.130237634500716
43.14814447856186
43.16510584979334
43.18254088897165
43.201996105979404
43.222185354733014
43.23848305570636
43.25353204956345
43.272570702162284
43.28521030090907
43.30290309337831
43.315709188300914
43.32974350060524
43.346180473185036
43.36312020650043
43.37529894639755
43.38993759237003
43.403785180352074
43.41448745464458
43.42989358942911
43.44840810542015
43.46541164151398
43.48179191172489
43.49902048345971
43.517717087540746
43.535733400585244
43.554307802930175
43.57163370408779
43.58930427660029
43.605463663050415
43.622919727005836
43.63828403216205
43.654058416179915
43.670103231800645
43.68623127538573
43.70143058476168
43.71695357980464
43.73259405497298
43.748502351974906
43.75949573366313
43.77216290113356
43.78822068979596
43.80451365474112
43.820273514120146
43.83562454813088
43.85155761984239
43.86721698748396
43.88236855865819
43.8951299460336
43.90927685424005
43.922056046904764
43.93774153713362
43.95372690640833
43.969182673290256
43.984580185626626
44.00007343858408
44.01389558615447
44.027960638766714
44.03729389266136
44.04843021453347
44.061613851048584
44.07412005763778
44.089853321879374
44.10626921189704
44.121797674769894
44.13798501833901
44.15386467334953
44.16940148311352
44.183552705082306
44.199139481773855
44.21393203698143
44.22847678233931
44.24300908990704
44.25685493207807
44.261671621072345
44.27219766893166
44.28651834982545
44.29975965562674
44.30776977033185
44.321830051055905
44.33553495828552
44.35048711385803
44.36364256144609
44.376934213889854
44.390499784830496
44.40365291071844
44.41653715341039
44.42923927305005
44.4425218474017
44.456717482568585
44.46750443746766
44.48041444502029
44.49357387569214
44.50664647729662
44.519597417173955
44.528929943286585
44.539039681770326
44.54246288340626
44.54560756173031
44.550486367452244
44.56256266959539
44.57426579454367
44.58427953081523
44.59398047751118
44.600037383893095
44.60772329910144
44.61314894969097
44.61918969406014
44.628012030088136
44.636618453784536
44.64781073688047
44.652847628259806
44.66068604503996
44.67083179327827
44.680884369916164
44.690672374335875
44.69828227472313
44.703146443630594
44.70679334219185
44.713359829647516
44.723200739665295
44.73223167006013
44.73860177772741
44.7462827941873
44.74823482927043
44.75224511801742
44.76023447619796
44.766419362233044
44.77218391542084
44.77896886646135
44.786946788776675
44.795420176006935
44.799174663730426
44.80722490387837
44.81604407986901
44.82272143808423
44.82908476871868
44.83643999234517
44.8449868840982
44.85372241918963
44.86226388646713
44.8658340885154
44.87366165597325
44.87965913704091
44.88299119888558
44.886461080519375
44.89197725992989
44.89667278782678
44.90180961955288
44.90552985094288
44.90819899728666
44.91110086136566
44.914109965936035
44.91753981185284
44.92060479481467
44.92317594257754
44.92925259605906
44.936665004139165
44.94462146280055
44.95222861421263
44.96015809490423
44.96381870428594
44.96922904702783
44.97186838383991
44.97675764644233
44.97974189814316
44.984148746075135
44.991531982269876
44.994285156531376
44.99949003695601
45.0017447350264
45.00629396964242
45.01117996521412
45.015758093167705
45.02316070429824
45.0319726295084
45.0411299438967
45.05032987409239
45.05504313961425
45.05870250465746
45.06168017208902
45.06996290226374
45.077845282860004
45.086080410620575
45.09342173942985
45.100130959797966
45.10495431728905
45.10766864690005
45.111255637502744
45.1153248807767
45.12164922952825
45.12427888240511
45.13081981010027
45.13743361452174
45.14087762293724
45.143852434945984
45.14792326199464
45.15471605645744
45.16248490947585
45.16536283155732
45.170359245041986
45.18033526952761
45.189940494839746
45.1975128312259
45.20536213712356
45.21344665070089
45.21821005510686
45.22283043804955
45.22774001786129
45.233397681448714
45.23785081190989
45.2456765127435
45.24842580810581
45.25730829326489
45.2665924178793
45.279121512392216
45.28372850915625
45.29302415897345
45.300656112864615
45.30844963137666
45.32329103586617
45.324240985728196
45.33362511786039
45.3452297662408
45.35560580779313
45.36581882530471
45.37083027036032
45.38284188937943
45.39581818138086
45.40792343932713
45.41447379606745
45.42684842575512
45.43774820430146
45.44893703421571
45.45729788975817
45.46680728981914
45.47729773064311
45.487820862139564
45.501292322333526
45.51472839567643
45.52789498665492
45.53766214209495
45.545484330301925
45.552457015790445
45.561580915056524
45.57585331418392
45.58868053005943
45.596333888368264
45.60198625282611
45.609632159889436
45.62505581966376
45.641377156685074
45.65007893485743
45.66199423657944
45.67395775552746
45.68757634945334
45.70026279806691
45.71562964947668
45.73340885208962
45.750802322282766
45.7677030404087
45.78457043854295
45.8016467512672
45.81448771325087
45.832035361475256
45.843422716386144
45.8509221778263
45.866161039797184
45.88263678031239
45.89927228886412
45.91699400266511
45.93329867822878
45.94425127566581
45.95892527453608
45.97570777915578
45.99357277407452
45.99951191073882
46.018946575259754
46.03566660781131
46.04833934959229
46.057127646204115
46.068932516582755
46.08744375625228
46.105463809381284
46.11557384562014
46.13238597772085
46.15114745257473
46.17042885709786
46.189657646178745
46.20355041218936
46.22062086255642
46.23877600016073
46.253212309845836
46.268010584027685
46.28656636136329
46.30507104914223
46.32389878270102
46.34388155665649
46.363754872256756
46.37614229594153
46.39583607829231
46.41702416925828
46.433335004673125
46.45003900060404
46.46560549380856
46.48183252145671
46.50206047287481
46.52129539762237
46.539569859496915
46.558262071468796
46.577401676133036
46.59545100107688
46.612803531728076
46.63128494315175
46.649569591531794
46.66391473035624
46.681161179080924
46.70134790402795
46.721609059949834
46.7417052341761
46.76089045427697
46.782311818954824
46.802343751161295
46.82272797723311
46.84226621263943
46.8627138364777
46.88180167373065
46.898914275769876
46.914729345943286
46.927934243608775
46.94731096455544
46.967663482299
46.981261327734785
46.999631154168014
47.02000715474923
47.03983135909153
47.05993802894341
47.079668801274245
47.09948557023226
47.11780023248042
47.13747364917247
47.15590006586335
47.17287255506783
47.19163040388297
47.20988896513211
47.22899474014628
47.24832372525432
47.267276602224186
47.2860939174766
47.303385604203235
47.319776531210394
47.337008965957004
47.354908872401275
47.37325992037874
47.39116223403563
47.40817567779019
47.42671466397747
47.44447745941342
47.46377658990799
47.483017829038765
47.50154295333065
47.51708557046714
47.534378526828725
47.552307400317304
47.56988458178762
47.58711249012769
47.60441414283831
47.62251923256778
47.64018250277997
47.65618165527562
47.67301989416669
47.688940325041884
47.704160396767655
47.7196302836363
47.735499096076715
47.75066387000208
47.76749109034918
47.78430081760309
47.801656809781534
47.81826132493049
47.829274396898526
47.84557715689976
47.86102902826283
47.87655975821472
47.89122318192329
47.90818285260811
47.925868857851626
47.94333210344455
47.96011237885432
47.97695225756119
47.993919486405304
48.00781076133563
48.02279421897488
48.038298167650474
48.051141371109935
48.06691795416892
48.08218249085313
48.09694574014384
48.1113974978743
48.12545800433705
48.13983104478604
48.15511582239335
48.16901900345017
48.18467066695651
48.20157709634281
48.21772347076724
48.232197302148734
48.245152935690406
48.25912606532991
48.27236584249024
48.284695653153854
48.29533303025075
48.30854556254577
48.32095956753606
48.33483519984905
48.34769841488062
48.361390813714124
48.37460858878496
48.382488188753044
48.39721102512077
48.4125711868734
48.4272615107023
48.441624303334926
48.454610176403015
48.470477828614584
48.48660696881865
48.50221763352095
48.51649772572841
48.53066677393883
48.54603558250125
48.56111998678252
48.576301010403455
48.590519830587375
48.60493053100149
48.61871480248404
48.632955316189395
48.64471814795737
48.659288489871244
48.67389510567214
48.68845680626481
48.702449909867134
48.714811965556926
48.727427975007
48.7394477778194
48.75064462223394
48.763212350563045
48.77609697932389
48.78999270059486
48.80387418492203
48.812561673877255
48.82031844527908
48.82694076057377
48.83857390821531
48.84855155294665
48.86248588526641
48.87637515053214
48.89023782702834
48.9038063484324
48.91687597895225
48.92988828031173
48.942765381114306
48.955516795986895
48.968285553217456
48.98120998315334
48.99301281938105
49.00591151096253
49.01551262635344
49.025071518538034
49.03586746070032
49.047216282918754
49.059005563598554
49.070375559108555
49.08171396814178
49.09303418277787
49.10537292588708
49.116485399125494
49.12854890216999
49.139948661339645
49.14984357937973
49.15435041207788
49.16038609842163
49.16846176894473
49.17543018785378
49.18302809208686
49.18905076678101
49.198963725858746
49.20831935322258
49.216735086402295
49.226077041910536
49.231955595556755
49.2374267607926
49.248459179119024
49.256993004533705
49.2684233329397
49.277592241487376
49.28645662271033
49.29519296984276
49.30363622748907
49.311741323757325
49.32136670034394
49.33180074090438
49.34120870421646
49.348611218661226
49.35644394962672
49.36480294531148
49.37457094981734
49.38418113320926
49.39441261375867
49.40372591902619
49.4133611196257
49.42277754727546
49.43120691891976
49.441144021873875
49.45111724194424
49.458933165313034
49.4642506704191
49.47063751126965
49.47601785729908
49.47853084856563
49.48066492470958
49.486579226404764
49.49170790544722
49.49842044252868
49.50140467755996
49.50756996236537
49.512633512672714
49.51946240884645
49.52577249498127
49.5300359563199
49.5310461665302
49.53315146983166
49.5361597179585
49.539129643971194
49.544421892352965
49.5505845934548
49.55340385699051
49.558243028792425
49.56249403937936
49.56749543175235
49.56911611785122
49.57341687904458
49.5767627937014
49.57942017036091
49.58343089839461
49.59041347762938
49.593697636409516
49.59808829406126
49.60227422939036
49.60851924553018
49.61707859619179
49.62455123675757
49.631460439701655
49.63893775144627
49.64679492646524
49.65374644037528
49.659910835474314
49.66857532444947
49.67670104432749
49.68446489191632
49.69029831086193
49.698340520979755
49.70375817462387
49.712884041848476
49.72093813831266
49.7297537083889
49.740643954302804
49.75148919243513
49.758991045414895
49.763958842451096
49.76707612742998
49.77268818056206
49.78319557624333
49.792904056968986
49.80296831380114
49.81289317937885
49.822883845182034
49.83463161611334
49.84297294334464
49.855450158753584
49.86645238496174
49.87658713584635
49.883028989934985
49.88927268068052
49.898673852720385
49.90964490167084
49.9201431037097
49.92579104951283
49.93175317078117
49.94084658451986
49.947737409693374
49.953640330125154
49.95776418189422
49.96429608303752
49.969160658857184
49.97894246631654
49.9890769601689
49.994943650985384
50.00468764932469
50.017661681708155
50.02850013952245
50.03781642434777
50.04776352215939
50.06103941834965
50.070248207704005
50.077778679655324
50.08085062374879
50.08754196847722
50.09788748321128
50.10942428961482
50.116261740133695
50.11628637991279
50.12322597428107
50.136821524302235
50.151978700539175
50.16797080103541
50.18123881005957
50.194899883742
50.20321557715759
50.21581058819803
50.22909939273383
50.2406958523486
50.252630938057244
50.26378470850413
50.27623392705691
50.29162756859189
50.30786240957586
50.323545537707375
50.33811152983792
50.34757995037635
50.36456427181619
50.37935471944503
50.39536513333768
50.4106850462662
50.420747088262154
50.438654565312234
50.455974446991696
50.47394430420507
50.49287685414672
50.50583080254933
50.524073932052204
50.54023189439703
50.55726318848158
50.56674956522745
50.5849084083652
50.599799523991216
50.614714855582015
50.63167618669385
50.65002196589469
50.668226516302184
50.68629068918199
50.70368205831119
50.720710329947174
50.739011343950516
50.752617679619654
50.77167342268423
50.77639048774294
50.78184010226424
50.79355634362182
50.81020763279763
50.82831175231439
50.8475549325886
50.867227826492325
50.88245060679873
50.90091498967391
50.91978274431077
50.938754635579166
50.95858294716832
50.97849704586867
50.99882724173514
51.01919388955682
51.03743206234749
51.04406179637816
51.06383627811022
51.0842126833715
51.102914614378165
51.122986937788085
51.14092864120589
51.161137642555666
51.18075282565898
51.200205902173025
51.22002289605524
51.238877985625294
51.25702851568782
51.2742773866032
51.2952361274677
51.31512832244745
51.33440868518368
51.35387482544395
51.373291355989295
51.39359377870713
51.41388578779884
51.43292452336272
51.45282625292643
51.473175282228006
51.49290115595012
51.51184909828097
51.52929417508852
51.54675602025808
51.565210998986096
51.57953503708951
51.60025602831603
51.618120375775334
51.63698303837176
51.649729742504974
51.6579359832458
51.67347613381172
51.69492904942749
51.71499449526528
51.723302093100585
51.73623996052491
51.749620201058114
51.770828226046525
51.79141262206536
51.80680110774516
51.823842229743974
51.84294985067799
51.862588497046445
51.88202057143978
51.89459204220822
51.91308324462613
51.93311117574764
51.95280176451639
51.97198697228884
51.989733021278525
52.00729740725097
52.02527811294085
52.0436747749492
52.061127142504354
52.07957147747204
52.08979755016102
52.09680983078833
52.104880942335015
52.11659182342485
52.1350945466728
52.154858698496724
52.17344971893385
52.19122762808532
52.20926534172434
52.226468393554626
52.24563755660265
52.26402246765738
52.28080789322328
52.29938274165597
52.31770038079361
52.33378971227439
52.35068715156625
52.36683816079268
52.384085792363784
52.39937843949325
52.406368636457934
52.420931097405955
52.437417946226624
52.4540257449028
52.470649320448004
52.48571357296072
52.500945883697845
52.51487907354394
52.52922101086023
52.54546762400674
52.56273531783575
52.57718274908209
52.59200373732208
52.60671060271884
52.6205494985212
52.63755594174651
52.654361219690365
52.67003368921219
52.68488485609907
52.69999261414656
52.71434982801798
52.73119196843453
52.74782562729653
52.76460922841093
52.77994473741944
52.79494224522961
52.81177335695969
52.82889473594671
52.84502116285989
52.86016999822661
52.876703767250945
52.89269874571088
52.908126313875975
52.923496009444214
52.93871652197837
52.95070167985026
52.95417581523686
52.96728969630262
52.983963447952874
53.00062044505466
53.015435852834315
53.03163058958472
53.047878116233036
53.06452002879034
53.08146552770344
53.0928240040853
53.094957719830454
53.10919407631025
53.125287749771886
53.14097242732569
53.15690491872614
53.172860573478964
53.18476644725662
53.199448191127246
53.21419179860492
53.22934576361789
53.24409283995759
53.2584980228616
53.26510797941024
53.268105636628775
53.273301812602085
53.28781549030987
53.30230775571885
53.31725378438323
53.331873390479075
53.341294061196066
53.35395393406333
53.36764380194079
53.381657817870035
53.39536808868029
53.4077169687931
53.41489919816679
53.42434247611289
53.43689454783352
53.44072571009143
53.4544218908513
53.46731385302768
53.48019407573283
53.48151640343855
53.49536279611334
53.504386508141906
53.50692719612823
53.51882432337365
53.53073625807566
53.54104234032296
53.55029592880105
53.56034788886463
53.57144446994404
53.58339102309393
53.594366675526125
53.60553444187861
53.61705489710786
53.62943874531741
53.640779417737754
53.651111868553905
53.65947704886614
53.66882317170003
53.678952950430094
53.689889216952764
53.70105534644123
53.71091876538541
53.721601468631135
53.73261403171559
53.7398452193874
53.74790681248461
53.758129333767904
53.76862660512399
53.77778535640762
53.78566517131337
53.79283736122691
53.80109565760154
53.810316250945775
53.81995209076582
53.82958719404728
53.83874320468947
53.848561120009734
53.85363933824007
53.85961298426579
53.86053046149216
53.86951444721465
53.87870668784107
53.886033405237846
53.89107418385436
53.895750202337034
53.902521655728464
53.91060471726918
53.91982566411818
53.92865470046602
53.934059990723625
53.94069583816848
53.94797066135699
53.95607619911471
53.96094610394092
53.968155230277176
53.97288084880902
53.97483139193
53.984567514024626
53.992283278173296
53.999056535177985
54.00560160700346
54.0119979526565
54.01485677392835
54.016883869334336
54.01830655411224
54.01987920491774
54.02487040809192
54.028099259556896
54.031293750875385
54.03669955703772
54.04238889357796
54.0472119660375
54.05312378290405
54.06012466969465
54.068295220502606
54.07546441514519
54.08205782327134
54.08818793381194
54.08969787883609
54.095204002541664
54.100321199340556
54.10723745961212
54.11301071371918
54.11371390914375
54.1189415151574
54.12726219270016
54.13466853982661
54.14212292253828
54.14663905693528
54.151205117468834
54.15878867122649
54.16416029725937
54.16252036131358
54.16522574100905
54.169617668647085
54.173100280977714
54.17609211794375
54.17599754209417
54.178371010506226
54.181640187644405
54.185271352653
54.18860546976844
54.19288708120764
54.19692662025637
54.196668045898086
54.201334186004075
54.206154676295746
54.211551473587946
54.21853655602594
54.22584468085502
54.23282516500267
54.24060708948822
54.24997075244444
54.25740264521514
54.264733629107575
54.27401798060133
54.283672193711176
54.28323152548062
54.28417154865166
54.291772888395485
54.30097112943193
54.31065934064208
54.319477353974
54.32172212734536
54.3297274073796
54.33824667260789
54.346520481354624
54.35479289238934
54.36392265450799
54.374251509601685
54.38561772089092
54.39556372483941
54.403872362049746
54.41439291226113
54.42431234025944
54.43459120743297
54.444037829447694
54.45406275189254
54.46064246613787
54.471474361454355
54.48316539888621
54.49476743610957
54.50678787860741
54.518002644944666
54.529514481629214
54.54067255023563
54.55108429072906
54.56039913019005
54.57111733214028
54.58307421756874
54.58926429377259
54.603181933504665
54.61231541649028
54.62050785050007
54.62192827605094
54.6301333488143
54.638956745048105
54.65237419884139
54.666489551921615
54.683480749731636
54.70117031295429
54.709799415164085
54.724249386593016
54.73894633679022
54.74899226741809
54.765304260876874
54.7812887369952
54.790825773113426
54.804542126116566
54.81468253907524
54.829178766285715
54.84595044957963
54.86360124934146
54.875898643114496
54.89034486117641
54.90743721344962
54.925067832575024
54.94137667547216
54.94421137212074
54.950177532223485
54.95834810034946
54.9766664392674
54.9936966983599
54.999806075785415
55.01849501723244
55.03728007905407
55.05473455018336
55.069873076920636
55.087805584389194
55.101707681054165
55.1061298009126
55.118901367000234
55.1345948178582
55.136408899983586
55.15366024620341
55.17309329844407
55.19248174070705
55.208143751792605
55.228575115410564
55.248643261186736
55.2684187870181
55.287354004981836
55.30633650979445
55.32529809369187
55.34471671825461
55.36332781965229
55.38260469912059
55.40125434441748
55.41981723316301
55.43984379912293
55.45996233038205
55.479999097457615
55.49886307114928
55.518474252159365
55.537531397581205
55.557105169367205
55.571813816744104
55.59293285355399
55.609766060688465
55.62993059952396
55.64839457572465
55.668647501053215
55.68751316966089
55.70096852575586
55.713015697283794
55.731885180128195
55.75265188547666
55.77205869298253
55.790567197546494
55.8098679829426
55.82585087341879
55.8337875512813
55.854411560678656
55.87577169553619
55.89697461997165
55.917379886350325
55.9375036154429
55.9573843222211
55.97578549752071
55.99402594433339
56.012564884190674
56.03296008863223
56.05369285418122
56.07344441318036
56.09294973556544
56.111670719473715
56.12337034382051
56.14201749827766
56.16009420344931
56.17977707081308
56.19966783899755
56.21944188961637
56.2396657427135
56.25899586884551
56.27346832387678
56.2868125211503
56.3072863771014
56.32773368877535
56.34875339497856
56.36798487920857
56.386645724422614
56.40565322269444
56.426102912448115
56.4463900975567
56.46579125230585
56.48508183263067
56.50377549966339
56.5217568164757
56.53740328967628
56.55054521608665
56.569459047010874
56.58940256806867
56.60918735392276
56.62869987619341
56.647518464323085
56.66589870460134
56.68464249588055
56.70094764698629
56.71743729224087
56.72850132011621
56.737604019417404
56.74471811802777
56.75814715152822
56.778004298026566
56.7977070598065
56.817786782329584
56.838583963897875
56.85608225659275
56.874588250327825
56.89434891146249
56.91104875391478
56.92862896405326
56.94676093069618
56.96507803118355
56.98197258535694
57.00018895651962
57.01795951851745
57.03650389725535
57.0543506404694
57.07283671994172
57.08769311611442
57.10554490280669
57.122820518296145
57.13947110945558
57.15720920551101
57.172816007650944
57.190908950165216
57.207103625931474
57.22487930300203
57.24282192291676
57.25970029544606
57.274502219601544
57.291694743860404
57.30939828627266
57.32207381517666
57.338991329229316
57.35384144765132
57.36375214609307
57.37830810342825
57.39500682519725
57.407805101099065
57.418761877576195
57.42297865236731
57.42605244102025
57.43785615420999
57.452954813747496
57.46996214318927
57.4869863801238
57.50289466852487
57.519365803046895
57.53496945133082
57.55106803739069
57.56286287661223
57.579667598232305
57.593963160204204
57.607266920727895
57.611485442658164
57.626025559456494
57.64197203899977
57.65535507314809
57.66339275599198
57.671833466485175
57.68741442504705
57.69141035185386
57.701740266085274
57.716404667296274
57.73102060588699
57.744478236070826
57.75853389372403
57.77137427095845
57.786538229677845
57.80100283914048
57.81559689760741
57.83002783652498
57.84359924363586
57.857160381310074
57.86294889161837
57.87229338508527
57.883467758644436
57.896083659625205
57.90917230182365
57.922150261090366
57.93513337872959
57.94789791981446
57.96099228495732
57.97372197211097
57.98460010716378
57.99751864171023
58.00949603532258
58.02101507683066
58.03365552061975
58.04584125185563
58.05605738751565
58.068285597476105
58.08013166057282
58.092812266705536
58.104191145434825
58.114826103072325
58.125238371531445
58.13587419050406
58.14640641674329
58.15685696401947
58.16699834856068
58.17495643148182
58.186031791420824
58.19565443962349
58.199011050975926
58.2077573564834
58.2119356975009
58.22382716668406
58.23375450694744
58.242969596762315
58.25182549054921
58.259568067235925
58.266681163068405
58.27102524548356
58.276215540938836
58.280594695151464
58.27961846384305
58.283243435207524
58.288112279445635
58.29310426633811
58.2992817267609
58.30396435238545
58.30367619088241
58.30709715114218
58.31535596055889
58.32382498109684
58.33055594175332
58.33745275892142
58.34381964397336
58.34575483096853
58.34902466013658
58.354395922986775
58.36080400319493
58.36522785946822
58.37179204633016
58.37967542826107
58.385901238017205
58.38685531075314
58.3888256469881
58.396015589615935
58.3999906304454
58.40127204477476
58.40736096781276
58.40925995822972
58.414184946493464
58.41811725584108
58.418483100800515
58.421399267697915
58.42524099825659
58.4297230628186
58.43267697035517
58.43783730605739
58.44094185547423
58.443611192710385
58.4470552743853
58.450608974691704
58.454511155386236
58.45736369539917
58.461086672268344
58.46537743181389
58.4694998427698
58.47320822415948
58.47824700946489
58.48283521632429
58.48958385518532
58.49679650603993
58.50014261570112
58.504885450607595
58.511769220030864
58.52012597049896
58.525043369995544
58.53235250119361
58.53504400149391
58.54331183706461
58.55078204915667
58.55624748793339
58.55705292210905
58.56046187624913
58.56091665340008
58.56626399348663
58.57203046044188
58.57827993020147
58.58614430242833
58.59206394101586
58.597912575788506
58.60689977462624
58.61464166111897
58.622520415097114
58.63298431347202
58.64436295064727
58.65095393643681
58.65782068526329
58.66395002451131
58.66871883324206
58.67732348229829
58.68633220676116
58.697048702537906
58.70749911188127
58.71878393524094
58.73108241032205
58.73855451804213
58.73938811949921
58.74780677979966
58.75040386272583
58.756213806364
58.763509094195804
58.773315983744496
58.779502090586476
58.78792591889656
58.79988208169724
58.807954579695085
58.80924164928239
58.818080912731304
58.82877955311882
58.83098783072875
58.845218465336934
58.857205545813876
58.865994318397306
58.87710334834458
58.88805099117218
58.892244513170695
58.89507293204586
58.90527832613631
58.911786585504
58.920999359421565
58.93202607955329
58.94422348907124
58.954465115182444
58.96757447913174
58.97885267127719
58.99404932317202
59.00898086687674
59.01051196204922
59.013851252915465
59.02777190748609
59.039821791909276
59.052399150056516
59.0567264544312
59.062207906060436
59.077167241948395
59.09218981324636
59.10768191451442
59.119666253025905
59.130777670914675
59.14040194499921
59.15221599717293
59.155055055420775
59.17105016136615
59.18649216457862
59.19059776354033
59.20540303930762
59.216142096691996
59.22630961969046
59.24226566412302
59.25921971947739
59.276241297416526
59.2941300520375
59.31113047301089
59.32772677699083
59.34259353833481
59.36017596546956
59.376760665567694
59.39500501734851
59.40878626670334
59.4272087183193
59.43736120846953
59.450300197164864
59.46663876823951
59.4826452393374
59.500609273862956
59.51999472481305
59.539746357573456
59.559023531023556
59.570768198578115
59.58839306428176
59.60711354130887
59.62654011525979
59.64452362673711
59.66359748613279
59.68330943686374
59.70301110971194
59.722575731552226
59.74194535573366
59.76100587945057
59.77880931151912
59.799217840652815
59.817650198483804
59.837171981642065
59.85645414970943
59.875636777336965
59.89496961617694
59.915389753336
59.93523104328312
59.95025135124091
59.96026778463562
59.96850093798303
59.98746679033442
60.00660297514198
60.02390068996286
60.039223026065656
60.05784026522598
60.07893081630924
60.099699626302225
60.11858391776674
60.136979664059865
60.15772680936059
60.17068744794898
60.1909092939557
60.211965240747446
60.23209457369666
60.2405827498392
60.26187690632019
60.28312650771164
60.30385286128249
60.32435289544358
60.345292442293
60.36301810141572
60.38165728934113
60.40215687084104
60.42255918459761
60.44215549917164
60.46191268966818
60.4799008321854
60.49089534349956
60.51046568703094
60.53083114556527
60.550586771950776
60.57058602797362
60.59053181703532
60.61082856360294
60.63135022522611
60.652438976255524
60.672904295379645
60.694169296246805
60.71443748985784
60.73540986271994
60.75672634875864
60.776697609783675
60.79741287527629
60.81800272471257
60.83821733509812
60.85860821583878
60.87684246376904
60.896772850183076
60.9182885660392
60.93854842395858
60.95954388357322
60.97486207246614
60.9946013914544
61.014921521441046
61.03456179778357
61.05392474001486
61.07039967704282
61.08984413166881
61.10938496571232
61.127657922962086
61.14616775298438
61.16189260498684
61.17947385735745
61.19902475933898
61.218846183893824
61.23839556996776
61.25705444534188
61.275667556501446
61.294362006203855
61.30871497159484
61.319603895278384
61.33257309384949
61.34370233385875
61.358435345366715
61.37798819397265
61.39580832682221
61.41594267318501
61.434558116654344
61.45143201140128
61.46992658424764
61.488508057458965
61.50599677758041
61.523058750061125
61.539454044293336
61.55581852535451
61.57456120431743
61.59286462726083
61.6082961194098
61.626445992193446
61.644149888673304
61.66282808108606
61.67982248703551
61.69040393256025
61.70735288690648
61.72428997295499
61.741836129279235
61.75922606502345
61.77603881182073
61.79262210843157
61.810074115887204
61.827761608210935
61.84438530889656
61.860473640615865
61.876824828798874
61.88878394107431
61.905620348633164
61.914935551729215
61.931285649494576
61.94474546922068
61.95897876507677
61.975880006264205
61.992937622270134
62.01014025838498
62.02716812814268
62.04139908687662
62.057038783637495
62.073127029357586
62.089467296798084
62.10499078001334
62.11771283019839
62.132924488732876
62.14827439203161
62.163028213061466
62.17727418916646
62.19176964913081
62.20584648619074
62.221969833476436
62.23612765330471
62.2510507350702
62.25605450268226
62.27045467776727
62.28414898528314
62.29843106723987
62.31209837536392
62.32542230886655
62.339112449234534
62.35243226738138
62.36656189159363
62.380338659260616
62.39418255703718
62.407954949703466
62.41114036402317
62.42343389341147
62.43495995878812
62.44659147167293
62.45933129085946
62.472621078280625
62.48460340478764
62.4978449332072
62.50469710309661
62.51777717561207
62.53028261270295
62.5413913721743
62.55194625309781
62.56320606996163
62.57572618467281
62.588119911036465
62.60073431919371
62.61296464710374
62.62509120387098
62.6374811782697
62.64864911669022
62.655626147797534
62.66404334986903
62.67327448682863
62.683967983246795
62.69450887765772
62.70498337266327
62.7150886111652
62.7260061582505
62.737217293950636
62.74768510575197
62.75668717941165
62.76729433566043
62.777221521078744
62.7881003413611
62.79759010228632
62.807984734263805
62.81623288631771
62.824132121970656
62.83313689822024
62.84230068737894
62.8517808330428
62.86190879920866
62.87111542849473
62.87888259239728
62.8849208376971
62.89172200105159
62.899831737041815
62.90626557308001
62.90953834399839
62.91225428658054
62.918923524016826
62.92688804089766
62.93606319843162
62.94254945030724
62.945076245727115
62.954206936277856
62.96245173689863
62.97020512135863
62.978381638387425
62.98693478780707
62.99620823433655
63.00529517828084
63.01399310698676
63.02032415919915
63.02122368133329
63.02289981269034
63.02375334355522
63.02548367270002
63.02978551692086
63.03801625868569
63.04456431607269
63.05102621715357
63.05943306278771
63.06606814106433
63.072161434766265
63.07829862753763
63.08347681213307
63.087667918635
63.09422217858462
63.09872967653408
63.10359797658363
63.10784591871903
63.11267140660412
63.118842238060296
63.12282479000593
63.126549015222096
63.13008940726436
63.1315614750009
63.13296312144759
63.136509699918086
63.14143752870688
63.140794691544095
63.1455196403019
63.149796422077685
63.155724853207204
63.16434985830874
63.17201555465905
63.17760226539312
63.18433539819726
63.189155168219536
63.19733985479356
63.20310699979077
63.21088905356839
63.21724360781982
63.215746844132376
63.22024322991505
63.222149523731765
63.23031172936694
63.230838570212875
63.23582449690977
63.24116259700521
63.249147883231245
63.25833462227022
63.26918367103294
63.279522350726765
63.290587736458534
63.29736096814473
63.304971403385295
63.31230525771456
63.316587247035514
63.32278378207267
63.3277989095527
63.33218441695477
63.335422936163916
63.34507130166178
63.35526206633911
63.35981458582675
63.36866973044555
63.377356425559206
63.38633326639861
63.39441124964377
63.40387426766276
63.415329982160884
63.42313332300418
63.43122034857361
63.44134730969041
63.4497919197963
63.46262995507454
63.47290968834599
63.480435158750595
63.49015850214591
63.501246903630026
63.513188247477416
63.51940165874465
63.52544476162254
63.53422073885667
63.536284911899834
63.5439592389624
63.55012067331214
63.55790196667608
63.56986189130268
63.58273317023635
63.596471144977734
63.60652667561306
63.618705611334896
63.6299874271119
63.63432950606218
63.6393653031286
63.65424123756736
63.66954478381421
63.682720456562734
63.684381754996
63.69085543344618
63.697980543104705
63.70643233483374
63.71754986617367
63.72575319624917
63.7364020162305
63.750619144499176
63.76607168658148
63.78018334486882
63.79583331114047
63.808642262809606
63.822226586235665
63.83715334793467
63.84074893210827
63.85668868719044
63.87298217659482
63.88925697518663
63.903011563995285
63.91706771392902
63.92869682591663
63.942286607826674
63.95741372255328
63.97020837994577
63.98344238565603
64.00099369749542
64.01406362894956
64.0311503921664
64.04903052568726
64.06602892760155
64.08303574588372
64.09962488560184
64.11645215374213
64.13352966772072
64.14885459126701
64.16597900488905
64.18184666359612
64.1996330815318
64.2162666188941
64.23367162321318
64.2504789808553
64.26662460528553
64.28285835924022
64.30193088881731
64.32022165248367
64.33798089768648
64.3550470874249
64.36683508813401
64.37163658583107
64.3886515180279
64.40771274742485
64.42606035172835
64.44474176892611
64.46213079717728
64.4807093670031
64.49525703771599
64.51425117981695
64.53155864993485
64.55037717448806
64.57019788879525
64.58969946399506
64.60876493744848
64.62188735410597
64.63865032473566
64.65635059357177
64.67025012273379
64.68857530588923
64.70703422852029
64.7255687288931
64.74388409809518
64.76182416091594
64.78076733383661
64.80023143523549
64.81935465111532
64.83511604508823
64.85360799935538
64.87043756992757
64.88855770423766
64.90685629563417
64.92415932594204
64.94098466733992
64.95777049370965
64.97766392662825
64.99816587488196
65.01747383800472
65.03456780511462
65.05153612344267
65.06818744629464
65.08454981043138
65.10043534356545
65.11944309319992
65.13756968234276
65.15534915087964
65.17166437184765
65.19050109245894
65.2086404852297
65.22702729086394
65.24448741557067
65.26191942523029
65.27930233738765
65.29657256879312
65.31380584406463
65.33151483593736
65.34933360255316
65.36841314827775
65.38704237725884
65.40486314353603
65.42294199827596
65.4397986880219
65.45649912349973
65.47202278767782
65.48975908280518
65.50697664736887
65.52435363850837
65.54038374881193
65.55590580682204
65.56777677826696
65.58583697986549
65.60228996403089
65.61972095132134
65.6358670831423
65.65190571973902
65.66653706915126
65.68012660367143
65.69664875337386
65.7134699643349
65.73172770860344
65.74891013340454
65.76671300997158
65.7817686798478
65.79456837359479
65.81127970236382
65.82981430733061
65.84725915939
65.86483786223191
65.88091521541146
65.8967628473664
65.91210716844901
65.92838578985635
65.94444008682389
65.96077774122236
65.97677749735644
65.99210140394142
66.00949972535253
66.02614679112162
66.04186873498038
66.05773509896297
66.0719485830828
66.08544882544074
66.09835990488415
66.11327407118719
66.12587624424431
66.14208404623564
66.15826833618549
66.17443222614234
66.19060862299524
66.2053642325278
66.22083641460576
66.23550879098343
66.2484963215322
66.2622339532895
66.27811313455504
66.284768390738
66.28884048828799
66.29393821966795
66.30319198940569
66.30865756891552
66.31337823796615
66.32330756060904
66.33690019396303
66.35361527665484
66.36840665997087
66.3840086186395
66.40029051169087
66.41641476569787
66.4327729314154
66.44839809804294
66.46351765036194
66.47794151113976
66.49366986687961
66.50935823687297
66.51678153593681
66.52735267930768
66.54082296171993
66.55549632964372
66.56347439893234
66.57682981140748
66.59085472231489
66.60544534121226
66.61994697797218
66.63002835405581
66.64408967725204
66.65471225019827
66.65787910271042
66.66861748946185
66.67942944040118
66.69352109233553
66.707141229223
66.7210287572017
66.73402949978501
66.74672890737293
66.75975951021668
66.77265063715478
66.78631923526858
66.79932768968933
66.80578486113559
66.8151795370956
66.82154595575734
66.82515894068895
66.8379871549318
66.84348978447215
66.85027058654629
66.8532769052403
66.8600717715129
66.87033095175383
66.88135885458516
66.89315416629252
66.90105939065027
66.90276181041348
66.90834838414945
66.92013014067096
66.92238320087185
66.92390396852966
66.93326024046785
66.93814951908445
66.93801482754986
66.9384867593521
66.94136571178952
66.94924132396145
66.95664121352893
66.96491524475503
66.97271182606254
66.98151199205168
66.98450767463835
66.99047631366935
66.998882598743
67.00852823294672
67.01852159664956
67.02702653150358
67.02717755162824
67.02757031494913
67.03404473841768
67.04298720441916
67.0518617229575
67.0513800368905
67.05072508772582
67.05776350762983
67.06555692485176
67.07322043381376
67.0764100815771
67.08308047523703
67.08986743028427
67.0987569725167
67.10745344881362
67.11514468701617
67.12063184770874
67.12519424382508
67.13104005829929
67.1391401248736
67.14380486752319
67.14895373742685
67.15554423483223
67.15619139239071
67.15625939817117
67.15966430369082
67.16375505292865
67.16913329726782
67.17305064221907
67.17371699345698
67.1750982934987
67.18107402327642
67.17942230419575
67.18574013108203
67.1922583469703
67.19867827444997
67.20337840010653
67.20897028016316
67.20978023803254
67.21762702475418
67.22506267497386
67.23336070746171
67.24069556231088
67.2392783778657
67.24416373432074
67.24938266496392
67.25431504089691
67.25993099893655
67.2674341925622
67.2733837213833
67.28087528660053
67.29125118388326
67.29388230172151
67.29670125153667
67.30182448288217
67.3077030013626
67.30687388121272
67.31086655103128
67.3174382038917
67.326490391419
67.33401119111204
67.33885576202562
67.34252854848874
67.34676669723558
67.35134966999237
67.3556650734118
67.35901064892403
67.3629940811461
67.3654370349057
67.36918876414445
67.37726453855528
67.37751367460001
67.38187649639893
67.38335225226209
67.38629441643735
67.3910551399352
67.39614312415657
67.39887344815006
67.40349360307131
67.40532162422245
67.40354659127907
67.4042020215651
67.40928748195563
67.41592565024311
67.42519930192852
67.4356258870495
67.44269443481294
67.44623541922654
67.45134382882455
67.45681209553423
67.46337501495869
67.46702902446158
67.47511851661137
67.48464516206334
67.49262767810416
67.49658573553842
67.49519222340905
67.49392490985099
67.49491121193229
67.50171090163046
67.50923924322508
67.51692514575646
67.52049043973506
67.52147389308453
67.53103906080744
67.54251003701775
67.55119440294393
67.5532505619276
67.55369798339375
67.55770570583451
67.56302552672427
67.57270698942212
67.5823039322402
67.59306479804455
67.604706198964
67.61066328642468
67.61375148958375
67.62624649509834
67.64113391738209
67.65297138399482
67.66092103307916
67.67402444956116
67.68738874801265
67.6995022518906
67.70481590870271
67.70898625574902
67.71248623461298
67.71446745842324
67.71357546862029
67.71469300039587
67.72552093609276
67.74131803077317
67.75716342349476
67.77382068358713
67.78989858584002
67.80623362254663
67.82185017408942
67.83681037769536
67.85085940880437
67.85422968225501
67.86477275708646
67.87879972721807
67.8961725658433
67.91345791658651
67.93005978718088
67.94550534042678
67.96275539028134
67.96582381970569
67.97003194545749
67.97620688104756
67.97844909346038
67.98587593981892
68.00365262701082
68.02175725988668
68.0398676739512
68.0585113142372
68.07688486095128
68.09599900740439
68.099944720191
68.10786076390123
68.12428445954369
68.13569048250103
68.15443007879068
68.17244987297914
68.19007963901166
68.1966355217902
68.21124177999866
68.23091205721717
68.25093977767196
68.27004657197044
68.28952495004631
68.30807787690614
68.32769662903128
68.34456366937452
68.35897349596542
68.36546226285351
68.37945248751086
68.39793744981493
68.41729516771804
68.43631932569332
68.45539364641995
68.46913619474282
68.4890876640857
68.50915772948024
68.52917174983673
68.54271378656874
68.56186481506354
68.56815547994253
68.57135592034966
68.58308856280593
68.60306784317204
68.6129688816569
68.61878213028464
68.62730932428018
68.64629940852724
68.66209703795441
68.68225557738533
68.69438821387195
68.71504890250185
68.73265657503038
68.75338798372536
68.7708224854128
68.7921283056948
68.81263585410422
68.82898800994366
68.84606215974728
68.8674869139233
68.88828234540503
68.89870899053852
68.91811141315722
68.9393390666938
68.96030603901197
68.98136867021485
69.00258997225828
69.02278858846944
69.04383573203422
69.06369333993696
69.07423677902281
69.08020870494113
69.0981986265911
69.11642430226586
69.13786063458059
69.15859784280646
69.17977846025569
69.19992655206575
69.219507894271
69.23850313532675
69.2574962623653
69.27650710991772
69.29032513553238
69.31120403132138
69.3302453758363
69.34529475601347
69.35347269837304
69.36986979676664
69.38971542364047
69.41036532565111
69.43025531088179
69.45020982933661
69.47011116256758
69.4891608277278
69.5088367516007
69.52874565528747
69.54989983214969
69.56854760279226
69.58701707175797
69.60677525119597
69.62586348539129
69.64593861877651
69.66595796545472
69.68432948649314
69.70485471844646
69.72368218788255
69.74238941533628
69.75415980533649
69.774075621458
69.7938492604005
69.81317778979172
69.83261761011272
69.85073382358324
69.86910286314027
69.8783491741822
69.8931884959732
69.90985402046894
69.92123721752996
69.93959874926044
69.95610872645007
69.97452346508989
69.99310542676797
70.01014675182174
70.02637682630032
70.04350920029367
70.05724348181447
70.07493965857098
70.09222825291131
70.10757569130658
70.12516713047012
70.14303782084274
70.15889217194564
70.17551354433961
70.19267769128676
70.20784369797103
70.22337547619487
70.24161925674598
70.2567687845516
70.27408470158251
70.29180919553771
70.30958547169477
70.3257003773075
70.3417349906955
70.35750769781063
70.37385378734035
70.39022829400034
70.40039623687582
70.41658239831865
70.43331430396638
70.44979507619739
70.46195540438539
70.47878659374936
70.49208510679276
70.50857490906584
70.52266522397815
70.53657310198022
70.55049181910341
70.56681547090845
70.57637342341494
70.5855084944505
70.59810207623967
70.6127695762512
70.62858531033929
70.64430238615992
70.64630566388549
70.66140889943935
70.67803783971961
70.69269866264536
70.7006488706231
70.71546364986064
70.73072611291849
70.74582563837791
70.76085718258318
70.77653185031099
70.79074288520202
70.80460071672522
70.81860077788974
70.83029413816
70.84378841300331
70.85608299388105
70.86991526133508
70.88384576252407
70.89632398434604
70.91027984510757
70.91557033016768
70.92321251539406
70.9299365480476
70.9363467685849
70.95008965259123
70.96377684128949
70.96720733387923
70.97990914609687
70.99219912201461
71.00467728993061
71.01703114303353
71.02952605270212
71.04224650842154
71.05432214267488
71.06685245144661
71.07552307530712
71.08549199069856
71.09278723337856
71.09565549505399
71.09881285066186
71.09831672204926
71.108541354461
71.11958963438046
71.13139606716105
71.14314869388076
71.15511690217897
71.1671731126409
71.17803952980502
71.18517380257221
71.19191683532331
71.20156563182611
71.207529394314
71.21431125237466
71.22205846310769
71.23101141512076
71.24183780219876
71.25114439871729
71.25729281833549
71.26164993562442
71.27101655337735
71.27944524339553
71.28610407697533
71.28614470464497
71.29534656670697
71.30529056459079
71.3153925021567
71.32532202909941
71.33243218606476
71.33896481217289
71.3450913905989
71.35053084070334
71.35246358586089
71.35770844936005
71.36492488686864
71.37363170768876
71.37967286792995
71.38221481007531
71.38277020365597
71.38328537993462
71.38771000783463
71.39299513334568
71.3983645643315
71.40458958617955
71.40471928233086
71.41155001978659
71.41723796555809
71.42068461318658
71.41956970273354
71.42529921736232
71.4302643286358
71.43252626160287
71.43717973452917
71.44036676365008
71.44406843880972
71.44869206577613
71.45548627580628
71.4633008740995
71.46814424726317
71.47264970180188
71.47784620618052
71.48529042744595
71.49227093483579
71.50028316948111
71.50807681662891
71.51480216617895
71.52294212108325
71.52900533141609
71.53802684845493
71.54305219676155
71.54535110775747
71.55070847647951
71.55355707455
71.55632681973383
71.55458255536388
71.55644665842281
71.55866453526525
71.56534662347158
71.573364132977
71.57913854450437
71.58596064900023
71.59026220304126
71.59576571870642
71.59606887081134
71.6006448481643
71.60385621577797
71.60753404396627
71.614644863471
71.61914490153914
71.62697910687632
71.62673217168208
71.62630756140163
71.62746938805795
71.63146037888164
71.63802579323347
71.6453456279244
71.64913293860582
71.6539254753572
71.65969747594546
71.66546367126463
71.67239206158801
71.67701998800793
71.67804855013837
71.68578128649115
71.69188782183241
71.69508179030946
71.70161192199085
71.70810278719465
71.70986655115729
71.71888038560947
71.7229306345884
71.72634347101405
71.73005208890721
71.73134478276963
71.73852015289265
71.74956277301489
71.76138843766083
71.77417352544525
71.78407288852577
71.79195125247541
71.7991714152475
71.80762375082108
71.80919521983994
71.81412630333105
71.82496748142202
71.8374008411216
71.8482260074052
71.8535838720269
71.86834307380214
71.88289598493373
71.89452197475745
71.90189504827694
71.91527327509023
71.92547552039015
71.93388183922276
71.94291151134887
71.95534642526074
71.96987412774227
71.98138286235502
71.994990442609
72.00126599396779
72.00690594931875
72.01331336816385
72.01927183972512
72.03416602200379
72.0482158803113
72.0627754298861
72.0713332680582
72.08142042875816
72.09532838356368
72.11143638003445
72.12854099652145
72.14509194788434
72.16131546595925
72.1775773796724
72.18546272340713
72.19448384525528
72.20781440102104
72.21878920702602
72.23283980157309
72.24710759163173
72.26072883084743
72.27648070893794
72.29404485334899
72.3107825581322
72.32929977202757
72.34437063622582
72.35718072807342
72.35878358651254
72.36982422513053
72.37664888532701
72.39388958602784
72.41148672683397
72.42986667190102
72.448297176303
72.46671844059591
72.48522881838966
72.50367543569078
72.52231250730685
72.54130529914666
72.56165953913167
72.58023405915434
72.59285022065309
72.61117430921068
72.62879103359299
72.64787539225972
72.66642093056795
72.67645778738853
72.69226094928199
72.6972377384301
72.69791584458642
72.71120531135317
72.73116784664587
72.75024095049714
72.77109920162644
72.7909661336911
72.8113599371441
72.83180807349434
72.85246079117915
72.8727764968362
72.8935626731545
72.91409553418582
72.93460507962536
72.95499083980619
72.975317361807
72.99520616911309
73.01627294306248
73.03545288317532
73.05541812233643
73.07472114756908
73.09488111213261
73.11414271119412
73.13268385350695
73.15191532910293
73.16945875457672
73.1896028354898
73.20501883106257
73.22284769783488
73.24261018090515
73.26280367637048
73.28233952497277
73.28851414308497
73.30861728884264
73.32546953956287
73.34538623123973
73.36379334360218
73.38432544878438
73.40479584476243
73.42419699119039
73.4396904742268
73.45726975301798
73.47419578175449
73.49253106347676
73.51079199602844
73.52957257454963
73.54812792324361
73.56730204014292
73.58822835583668
73.60398348013527
73.62279988601965
73.64155226989016
73.6594021701765
73.67750294850657
73.69603685643432
73.71222807864787
73.72491001037801
73.74499849834838
73.76085503492729
73.78082064986783
73.79931748742328
73.81746610617155
73.83691427382882
73.85641675394253
73.87533357636633
73.89378367495104
73.91311685084567
73.93209123368257
73.94990290005533
73.96891167677214
73.98704332271626
74.00645235322457
74.02394119903452
74.04257580178289
74.0604988043404
74.0774145656101
74.0952450676267
74.1138112755623
74.13247920895343
74.15030510944999
74.16732145255484
74.18565519180855
74.19993136851126
74.20693708903963
74.22362682289595
74.23979027111103
74.25591914035243
74.27150373094098
74.28951516876629
74.30799711707438
74.32495047250328
74.33859186941206
74.35559356330987
74.37333060957481
74.38990300120521
74.40795923201617
74.42593775402358
74.44373017428681
74.46062069917132
74.47778703021032
74.49499183042857
74.50034603157958
74.51311546199877
74.51816165130539
74.52421601265641
74.5411699734406
74.55862483177647
74.57326934083319
74.58957301019872
74.60620756912093
74.6220748995227
74.63813831143088
74.6547853775796
74.67288099647836
74.69013770737622
74.70612273677253
74.72184752516587
74.73779357630949
74.74780948079676
74.75508982382158
74.77008943678989
74.7828466431082
74.7985492149744
74.8139923051033
74.82829327689781
74.84430362329371
74.85413861397748
74.85636907488141
74.8654055276704
74.88011239613341
74.89548755451534
74.90978145489225
74.92525929492086
74.93993415004128
74.94931246569651
74.9581331566018
74.96847500779133
74.9777379863601
74.98444845065188
74.99905237677245
75.01348994459313
75.02812885761766
75.04221843813859
75.05663229696583
75.07128247187039
75.08436989839801
75.09920111713419
75.10065244364382
75.1033527094008
75.11797653474291
75.13011182069452
75.13859227602887
75.14859052093936
75.1602296612558
75.17387577671535
75.18770197504094
75.20034017902199
75.2136372887085
75.22679917536453
75.2383328031362
75.25218078190801
75.26474499457477
75.27595505837982
75.28634222270931
75.29685387608139
75.307863635176
75.31926522123561
75.33062350746899
75.33802769594975
75.34544353872093
75.34707877028735
75.34912707494253
75.3551640729632
75.36369674030612
75.36655242825802
75.3761002809777
75.38730499879165
75.39052798600265
75.39435952078273
75.39764077610783
75.40719292707387
75.41861219570892
75.42991608868806
75.43603305383019
75.44153131143055
75.44069011067957
75.4504079537867
75.45987815276766
75.46989972223538
75.48050914474555
75.48772448564212
75.49469296777266
75.50166222856984
75.50040451969478
75.50729986154303
75.5135864820162
75.5212220765494
75.52451220259503
75.53385595780898
75.53976605721321
75.54740642915577
75.55390328833235
75.56298813846838
75.56400082533702
75.56233154423923
75.56283707228587
75.57106300514198
75.57673900893623
75.58209720129105
75.5904360563927
75.5970323284168
75.604225573693
75.61172350536646
75.61875098610226
75.62549316071619
75.63198428698549
75.63952565928747
75.64043711257366
75.64354417710067
75.65243395475312
75.65126224884428
75.6570275767795
75.66082636593683
75.66690123736834
75.67370807260714
75.67700141259917
75.67994513602186
75.68464699893582
75.69053639725405
75.6961334002978
75.69769907117501
75.69831843492352
75.70315006975196
75.70934324864385
75.7081675366904
75.71037030698265
75.71233351415776
75.71410490992774
75.7173364450736
75.72041644591701
75.72672176645278
75.732788404938
75.73948135169147
75.74796934375705
75.75523392091947
75.76359174557548
75.7729712776459
75.78117495358852
75.78523888827931
75.79239717775462
75.79582052584654
75.80064082348704
75.80696419913626
75.81321257531576
75.82089647230129
75.82604942259326
75.82853385012456
75.83223547882338
75.83657887557214
75.83901261925254
75.84047319015912
75.84037659922534
75.84177987502648
75.84111053697214
75.83969665424497
75.84132986300153
75.84453752867103
75.85158954338583
75.85777338239171
75.86274274776027
75.86513614845812
75.86654220986071
75.86950257103486
75.87483003481233
75.87973164042869
75.88490457053463
75.88593306397367
75.89209034264695
75.90129724414628
75.91057113886997
75.92053098177075
75.93128389681891
75.93378454221865
75.94107532947395
75.94677520607473
75.95539815221375
75.96389415208911
75.96831503293856
75.97878785458809
75.98929066968451
75.9971974399675
76.0041562990971
76.01138764912548
76.0147456301755
76.01844531050328
76.0300448166918
76.04131304759272
76.0417176009784
76.04710824952164
76.05538569064525
76.06161073740985
76.06415684914134
76.07018532148766
76.07696527049994
76.08392206187499
76.0934954207978
76.10158369253014
76.11267881149183
76.12560638783219
76.13352482935923
76.14146825449485
76.15041117283145
76.16009604966818
76.17176156066404
76.18561856808991
76.19029998888784
76.20085035277206
76.20198527736027
76.20446337663228
76.21571567211014
76.22700679872243
76.241795793526
76.25502135363428
76.26637442854047
76.27823283019377
76.29391004970269
76.30034472725357
76.30500646399217
76.30800914917945
76.32120406042428
76.33805043568104
76.35443730932845
76.3586851361701
76.36902316272823
76.37962570793229
76.39532114977996
76.41211000882271
76.42921830510348
76.44622340015637
76.45803969342353
76.46742343976796
76.4848014313649
76.50161584767017
76.51888148349792
76.52847811496339
76.53184090361238
76.54657795165538
76.5621048004724
76.57783120997485
76.59423392387318
76.61087395405396
76.6271247771133
76.6442347490588
76.66186579031644
76.6792807186001
76.69333653315861
76.70446511282539
76.72118000815959
76.73113886075555
76.74907246574534
76.76624558031533
76.77533590453461
76.78564800995602
76.80443656431278
76.82039350171645
76.83820576307815
76.85556987037971
76.86823300690882
76.8791476774182
76.89674217065843
76.91671526204014
76.93645054048093
76.95601696825142
76.97560451651388
76.99452742594077
77.00916093067296
77.02835407632556
77.04464750459049
77.06431339919256
77.08420231708975
77.10377761700235
77.12127034616664
77.13822799601508
77.1570639818277
77.1773332784835
77.19703776179296
77.21495301231819
77.2319253396322
77.25238084453615
77.27194759533167
77.28785829591733
77.30606982957869
77.32410294211553
77.34311620831652
77.35487773900567
77.35949480638135
77.36933927765484
77.38909763559997
77.40854423877104
77.4283783060216
77.44768910826322
77.4677952095872
77.48668441127163
77.50778596469826
77.5282625002411
77.54525043135067
77.56429453124093
77.58398869981414
77.60346463320136
77.62289302906518
77.6425593630737
77.6620417240344
77.68163085009633
77.70189993537193
77.7218274418442
77.739845589378
77.75988216058236
77.77904894954658
77.79739948231867
77.81506484715631
77.83227469621747
77.84289995017515
77.85911067909399
77.87812952111094
77.89637300470706
77.91366943548753
77.92881531420134
77.94591029957728
77.96510283823358
77.98301999809345
78.00005557800479
78.01901316730505
78.03786361250997
78.05647042759219
78.0724706100854
78.09085927985942
78.10765276518998
78.12347066112794
78.14281836247231
78.16189347829479
78.17991086773488
78.19689766564449
78.21442339637414
78.23340716558009
78.2506876758648
78.26814546857966
78.28549473831922
78.30206428859378
78.3188125076826
78.33256470926099
78.34651390282029
78.36255587330076
78.36952834558117
78.38247918621461
78.39336704790448
78.41153464126486
78.42950723392873
78.44610404190288
78.46211137471492
78.47822848391343
78.49544905303279
78.51157268150608
78.52585348344572
78.54088298228257
78.5576292517
78.57426521236461
78.59012575569082
78.60706654167726
78.6232103986665
78.63876400113084
78.6545127874754
78.66825166235321
78.67928572953818
78.69478724012167
78.71040283643127
78.72600937634748
78.74122701431041
78.75496139711406
78.77061825127522
78.78663671663097
78.80337658246353
78.81752600684727
78.83327687130806
78.84857352986862
78.86372666204537
78.87848093411338
78.89297342730899
78.90767343462943
78.92213339012707
78.93650083578382
78.95154396003984
78.96687005841531
78.98166593499562
78.99678856516583
79.0111961001514
79.02511936684363
79.03980759421114
79.05455825068215
79.06538746052601
79.0726814360799
79.08635708259682
79.09985057158508
79.11267636641003
79.12643944633732
79.14008154251347
79.15232275540568
79.16679326955592
79.18029954915794
79.19275672441256
79.2006912333099
79.21185705111148
79.21983286187879
79.23314034275225
79.24721795898033
79.25873347823632
79.269392639043
79.28044438035471
79.29334060023619
79.30701159755978
79.31915585712264
79.3285265819171
79.33357249838832
79.33597707553555
79.34364930754641
79.34499578393913
79.34738162803657
79.35064205803003
79.35486389897092
79.36696996116797
79.3779194302074
79.39053776584713
79.40252732408977
79.4140550294155
79.42583882617049
79.43787359477409
79.44975179369284
79.45930520900892
79.46820510396685
79.47877242515469
79.48488364407666
79.4926572849696
79.50208588376053
79.51078618116703
79.51799044981762
79.52637281747282
79.5359740906228
79.54607976980625
79.55479618425926
79.56504074462653
79.57460902863788
79.5847305799408
79.5948682347172
79.60490825619317
79.61516306982439
79.62451031644919
79.63354976465425
79.64315087130952
79.65096397597752
79.65908473345462
79.66730775972023
79.67560507308953
79.68283724144872
79.68915006363731
79.69491305289193
79.6993661565778
79.70522696754185
79.70896108639701
79.70819750219445
79.71300846909375
79.71695898286976
79.72426007279337
79.72784393432042
79.73220826745741
79.73254072372073
79.73341781478092
79.73208144256388
79.73965633442349
79.74463892422564
79.74989079860148
79.75365090914762
79.75875824048948
79.75614271477487
79.76010464865024
79.76442624936179
79.76668643241204
79.77098345078944
79.77514087465337
79.78025943261581
79.78410125622902
79.78750185681088
79.78793534138434
79.78573955443404
79.79061782919909
79.792099016811
79.79427860967384
79.79909865181142
79.80266836805731
79.80590437193037
79.81007345964869
79.81567888651479
79.82192995972872
79.82347502235947
79.8294254512487
79.83532711564389
79.84198742506416
79.84729859489867
79.85354517844755
79.85893730439642
79.86495605200514
79.86267127124097
79.86814435585816
79.87295245853672
79.8802989616368
79.88369799978736
79.8870294341456
79.89248054585988
79.90050172374968
79.90469940353617
79.90872105056818
79.91634808576873
79.92174130174021
79.92620767234433
79.9310660089475
79.93653253166391
79.94304810297417
79.94872486478214
79.95535640144335
79.96348921272053
79.96376245066635
79.96392078991141
79.96525346500867
79.97270665742529
79.9794717659026
79.98465965400645
79.99020541079089
79.99763215318808
79.99997364885596
80.00858386621353
80.01615451672689
80.02247364429087
80.02890563018128
80.03924826735222
80.0402764878541
80.04591253263801
80.05231235923031
80.05920946690735
80.06481705709119
80.07032573327405
80.07684332089377
80.07536539156202
80.08043252974221
80.08555158146082
80.09333908707374
80.10334660452027
80.11432153129175
80.12539611979075
80.126704223308
80.13024295372573
80.13600289099875
80.1463300258127
80.14768268108027
80.15681499195615
80.16688960147765
80.1735001745794
80.17994028512878
80.18718281447273
80.19762218511026
80.20943992404825
80.22202383892879
80.23178089414847
80.24022220354217
80.24996049677146
80.2540545070002
80.26378437140113
80.27437989627364
80.28692134384511
80.30073367945135
80.31401290498209
80.32776742259729
80.3412515029788
80.35470550480426
80.3669090327133
80.37955506673299
80.39273269005263
80.40386341009234
80.41439185101201
80.42266392111875
80.42440970208283
80.4339787743337
80.44421187012092
80.45207083994345
80.45907895568315
80.46798733046317
80.48034297062965
80.48994413728305
80.5046516966437
80.51969279564284
80.53335331683621
80.54938270865911
80.56641798695392
80.58069530437076
80.59551831327535
80.611583638127
80.62638906972221
80.64125005407055
80.64818926037738
80.66206801352789
80.67734485285057
80.69364456709243
80.70836402892043
80.72555913296662
80.74123445910573
80.75741578776187
80.77288047158399
80.78807719715782
80.80526469800446
80.82127321978587
80.83932535974245
80.85106389521245
80.86125224174963
80.87922586172304
80.89717293694474
80.91622726344201
80.92561662341207
80.93122984495557
80.94987534868488
80.96790896378837
80.98413052695042
81.00215128889302
81.02097664556904
81.0405192663226
81.05995613335905
81.07530818784448
81.09517118662784
81.1006732876159
81.10696200497662
81.12038697107657
81.13766772994256
81.15267771230005
81.17146542243935
81.19065335321059
81.20750642647091
81.22478934839313
81.24398083000678
81.26254569193729
81.2801480019848
81.29951665008839
81.31951057302713
81.33961993995888
81.35781716205695
81.37776709290988
81.39701190536942
81.41689146833754
81.43658188068768
81.45700283494301
81.47711993677306
81.49766631352959
81.51770667274303
81.53601494999317
81.55557606195596
81.57324393191202
81.59237718274677
81.61251493269681
81.6308051938364
81.65086218974685
81.67114450825252
81.6883694085431
81.70840456977778
81.72828649087508
81.74861476415138
81.76700383592333
81.7854552901125
81.79289572765157
81.8135260437903
81.83354232523115
81.85359847096993
81.8735022493702
81.8941411062352
81.91374326336054
81.93363731089049
81.95368220088974
81.97038322610307
81.99096048952778
82.0058789511049
82.02385078784268
82.03994372967823
82.06078604098263
82.08054334007115
82.10022949100883
82.1202472285655
82.13869318392997
82.15673868892794
82.17591030041541
82.19500687031618
82.20523244089019
82.22503877764466
82.2443819911438
82.26323294454517
82.2827725560919
82.30185756411444
82.32177515296647
82.34017400754136
82.35998940876395
82.37920155908203
82.39824839785979
82.41747779113416
82.43570972529778
82.45499613544806
82.47417302634399
82.49252168530731
82.50954345100632
82.5239658328998
82.54373958127691
82.55902896591557
82.57876896916486
82.59721520954875
82.6153363235467
82.63311565373807
82.65147828731808
82.66909250345587
82.68582088013379
82.70296688718472
82.71983276611324
82.73671159644456
82.75286995006955
82.76831467112905
82.78438027909418
82.80036169518415
82.81590356309981
82.8326419124861
82.8391998791622
82.85516731546957
82.87244715683883
82.88913881045531
82.90509473223044
82.91460218165051
82.93088760755282
82.94541867029542
82.96132762579255
82.97634557640568
82.99214394894076
83.00575902108956
83.0209809307679
83.03678780304186
83.05220727991822
83.06742194294745
83.0829666305835
83.09730618907425
83.11127256168119
83.12506623747812
83.12684934524236
83.13219205407505
83.14862793398247
83.16469424186522
83.17855680245404
83.19230813125813
83.20684315823952
83.22264344378533
83.23754070522875
83.2530096919091
83.26789482258405
83.28182014049096
83.2955007048584
83.29951474527432
83.30691372611395
83.32202637278499
83.33639633839357
83.35141543030372
83.36594328241125
83.37879810567846
83.39356734834016
83.40714034214845
83.4199345043249
83.43294058392271
83.44603532998259
83.45824510607257
83.47204301556538
83.48541076573818
83.49897621734642
83.51178843074732
83.52412088196881
83.53772739434703
83.55129348474512
83.56446160195819
83.57738344946179
83.59011241011294
83.5909563649547
83.59132414593039
83.5928900981428
83.60531496079854
83.61780054940475
83.6267077982681
83.63942987169355
83.64824332153411
83.65845495126517
83.66867109124895
83.67698734488737
83.67776398196858
83.69014100148065
83.69778845253425
83.7094366080437
83.71940431483127
83.71944444192235
83.72615654987177
83.73281337462775
83.74020258353087
83.74720773346034
83.74621955892947
83.75707807894686
83.76657117524019
83.77688945883786
83.78522106552414
83.79570332023772
83.80548685625195
83.81110680487095
83.8165875265819
83.82277597794211
83.8304117941482
83.8295531655589
83.83105687822686
83.84081290493391
83.85048218021817
83.86019029882503
83.86339926943285
83.87095538203843
83.87935006031341
83.8832296951906
83.88849173882996
83.8956673497227
83.90127983945428
83.90726635434567
83.91042985822205
83.91116216943297
83.9094888986445
83.91142110820363
83.91892915391041
83.92636670332841
83.93383137199206
83.94143038317937
83.94889291645076
83.95493497667323
83.96085184096052
83.96185725843878
83.96771938504446
83.97140934883697
83.97536672225156
83.9799873679957
83.98431389454332
83.99014962387227
83.99190566733282
83.99521509609973
84.00080268581597
84.00744468354094
84.01383483723268
84.01888261094145
84.02614434044838
84.03292299461945
84.04035099055992
84.0477002391095
84.05543174078736
84.06126139405306
84.06608375606474
84.06729693330202
84.06633845800224
84.07120138087109
84.07744400333851
84.07521580038558
84.07880991116315
84.08352050579269
84.08898820919885
84.0952507894211
84.09956805654139
84.1042235729711
84.10262777992578
84.10831915400985
84.11449653202858
84.11853589473911
84.11777098419051
84.1263149281815
84.12730019772614
84.1331740966813
84.1379840808392
84.14169861247065
84.14583489457186
84.15122707610638
84.1576347557123
84.16598841318374
84.17016096562902
84.17204059904441
84.1749421529485
84.17372857903239
84.17918635256387
84.18351338718384
84.18266722725375
84.18308879773502
84.1878393359826
84.19276191156615
84.19708698059105
84.20129305582657
84.20868662340202
84.21409176230114
84.21635174952097
84.22071828552605
84.22381908558457
84.2228435045566
84.22411868194148
84.22855323496911
84.23369548324604
84.23704268636943
84.23935650364697
84.24626059076154
84.25087118131576
84.25409021763562
84.25893127009742
84.26407431523097
84.27089674990192
84.27106232828254
84.27677708960925
84.28042857466643
84.28402450276926
84.28790495644549
84.2932965876658
84.29888123583547
84.30778997328619
84.31686472984903
84.32826329474565
84.33674339862813
84.3455915130149
84.34458716304073
84.35317587213777
84.36393575106104
84.37400998806629
84.37889635391461
84.39185892863615
84.403654258312
84.4105503483624
84.42047107374565
84.42961938972086
84.44006740320947
84.44838693647326
84.45738487096158
84.4690756675948
84.48186239037054
84.49355516515152
84.50513447991145
84.51710357287747
84.52923549238224
84.529476872349
84.53675018740915
84.54462352398919
84.55578086991264
84.5698232133219
84.58085445276853
84.59374722666021
84.60910801744981
84.62281488424114
84.63837141984351
84.6511292949218
84.66544392421137
84.67910706136435
84.68379188478725
84.69785543140145
84.71239959975712
84.72347027532793
84.739291213224
84.75455913235135
84.77051095182385
84.78258357267056
84.79306023718961
84.80094618767062
84.81102868649343
84.82148418036886
84.83468714351369
84.83617091604528
84.85265637554515
84.86754845390934
84.87988377134269
84.88956074967538
84.9031517496494
84.91968376138767
84.93443362447337
84.94448252708321
84.96016999703717
84.97725625090833
84.99449810801154
85.012044366404
85.02835644172532
85.04557873495062
85.06138585046183
85.07639547091806
85.09444909846547
85.11234923193366
85.12953657037791
85.14629934071637
85.16317289906407
85.17413203487286
85.17632925968913
85.18184015897317
85.19939475039887
85.21644275167047
85.22896379429478
85.24283491292904
85.26103824053389
85.27951765747119
85.29367862624237
85.31127820813218
85.3298506258511
85.34876417788327
85.36705010736284
85.3817687855351
85.39787901636875
85.4160761121083
85.43427823440612
85.45218091738053
85.4698582959222
85.48889804600583
85.50865261184835
85.52790844718845
85.5463722266497
85.5647600932178
85.58296870366216
85.60043808369063
85.61838969292313
85.6364250078239
85.65484129501628
85.67056730265134
85.68000326038208
85.69870792014821
85.71748802662492
85.73712070431928
85.75543380847799
85.77259566407388
85.79016138693113
85.80853388119013
85.82339260874019
85.84174858946066
85.85780779899169
85.86863682246634
85.88287377904629
85.90048841836838
85.91881447089298
85.9344948686845
85.95153962413775
85.96687577010444
85.98490379347844
86.00165751688911
86.01910146518992
86.03610639270529
86.05433210875866
86.07146067552713
86.08893825080322
86.10556066841896
86.12293579495083
86.13971610065593
86.15732299735396
86.17504565374671
86.19204842307057
86.20937305635505
86.22586994713572
86.24182056041187
86.25586613530359
86.27135363494783
86.28781579589769
86.30414038603297
86.32151473480589
86.3381216393151
86.34849019691654
86.36357147639119
86.37906404821135
86.39607285561873
86.41139870750972
86.42826909154115
86.44417517416409
86.45857759982158
86.4748149960841
86.4903623291233
86.5060186298721
86.52020656023046
86.53594064098803
86.55059076235987
86.56550948616949
86.58150670793677
86.59730554892842
86.61234176975002
86.62798994076175
86.64236691544377
86.65608492959063
86.66960500136322
86.68263747394984
86.69423850060025
86.707447712511
86.71975163912168
86.72450591552341
86.72879207504417
86.73421929845156
86.74571948459528
86.76025933892042
86.77303177451334
86.78661934009394
86.79984610883488
86.81215969821024
86.82451821231437
86.837998735023
86.85073314043683
86.86261847080463
86.87434248134193
86.88841440916336
86.89966893306436
86.91264565804904
86.92485198159407
86.93739616364117
86.95112638236388
86.96466102539458
86.97782086214262
86.99110311523584
87.00446564605974
87.01589803665006
87.02995060819036
87.04323034193278
87.05598830419183
87.06866832471015
87.08100967861893
87.09377093591777
87.1068548205922
87.11955047524226
87.1310437601004
87.14210824262585
87.15433288757475
87.16698110045913
87.1738552345794
87.1881816591021
87.2011884008251
87.21455659596687
87.22799294145949
87.23703669441004
87.24507943912162
87.2522899265411
87.2641031833543
87.27466871214966
87.28664249314495
87.29850440006841
87.31014012102871
87.32144236866873
87.33370700348756
87.34646130467766
87.35937969714425
87.37176699522882
87.38112233963304
87.39250479436475
87.40284507064291
87.40833687225117
87.41671652591914
87.42812374684459
87.43786938048116
87.44680885044488
87.45788083708544
87.46963823331038
87.48140588842897
87.4927240997572
87.50441127423882
87.51599693846717
87.52678637649213
87.53767715654115
87.5474114345925
87.55496809491186
87.56635590599754
87.57722857053423
87.58723265674764
87.59458090101303
87.59764466762664
87.59658557068892
87.59527386037925
87.60501817891533
87.61168037526232
87.6196794666353
87.62808618699829
87.63714098531105
87.64637577663053
87.6548967207154
87.6633547622684
87.6720130524946
87.6807389745591
87.68847979371822
87.69473179316805
87.69952121061317
87.70509646204387
87.71125309190325
87.71742892661106
87.72404320977668
87.73135781748692
87.74044854363177
87.74373626188395
87.74888567423005
87.75452517718392
87.76240368995599
87.76738652073733
87.77360222664065
87.7819045411761
87.78908903131844
87.7941851690396
87.79853352620898
87.79901091143414
87.79954457503416
87.80590368530001
87.81190064566914
87.81649950031799
87.82182751809788
87.82752767195565
87.83145751634274
87.83802111237
87.83923115345463
87.84226906381612
87.84512926189993
87.84784125782092
87.85485825848708
87.86165310358484
87.86937563875087
87.87740115022233
87.88528396385988
87.89011114028456
87.89747027264528
87.8950836548347
87.89840359498517
87.90142312163819
87.90450164780634
87.90733241682084
87.91285504827532
87.9145198244303
87.9148113566783
87.91445299972592
87.91954128736838
87.92237741176581
87.92208471347435
87.92735555729932
87.93063051218404
87.93173956414446
87.92865585157536
87.93434902475795
