3.16019024185
3.15701149239
3.1544225707
3.15208564145
3.15029316783
3.14686066216
3.14307590029
3.14008202281
3.13750062168
3.13557656606
3.13218150047
3.12873640059
3.12667241261
3.12507417635
3.12428573559
3.12111916793
3.11889200199
3.11719632139
3.11624978175
3.11365106903
3.1105371736
3.10875326765
3.10720329538
3.10548159011
3.10371163165
3.10186192677
3.10069281707
3.09872689401
3.09573371824
3.09300351043
3.09037372863
3.08725864332
3.08425516014
3.08072956008
3.07706115642
3.07356478708
3.07102566544
3.06936617181
3.06888567624
3.06947633631
3.06965050703
3.07034051351
3.068756852
3.06710177134
3.06714288027
3.06720649988
3.06438662771
3.06229085359
3.06112787682
3.06088210491
3.05900019037
3.0588406434
3.0601079995
3.05950157336
3.06111507742
3.06175762987
3.06301425087
3.06426586413
3.06641007384
3.06565634418
3.06344831817
3.06287475514
3.0634355203
3.06290933681
3.06425038585
3.06419818648
3.0637919712
3.06178252947
3.05957206081
3.05795607927
3.05718298107
3.05746539026
3.05850216693
3.06010990885
3.06264868448
3.06451004854
3.06312606342
3.0618163166
3.0607077018
3.06030034222
3.06036256141
3.06025725788
3.06090926126
3.06224474736
3.0647270578
3.06752404408
3.06662555903
3.06498382757
3.0651796268
3.06613324345
3.06580369135
3.06506522756
3.06663155136
3.06859687339
3.07132875213
3.07436078789
3.0733095396
3.07406756764
3.07430445311
3.07443111406
3.07495700605
3.07681575824
3.07950636008
3.08236415753
3.08577159968
3.08651763685
3.08880181544
3.09101425411
3.09339666257
3.09694956985
3.10036251789
3.10385031487
3.10737869902
3.10990132437
3.11247914167
3.11539853527
3.11780002277
3.12087312732
3.12435678524
3.12799287856
3.12911836251
3.13184100469
3.13529216975
3.13908232219
3.14305901264
3.14698806223
3.15111699495
3.15119284657
3.15445249355
3.158273888
3.16197271296
3.16607364583
3.16955872922
3.17068695803
3.17255254341
3.17477791931
3.17520089264
3.17938838046
3.18297682103
3.18620412069
3.18967702485
3.193477504
3.19756926833
3.20161246019
3.20513705238
3.20788368672
3.2102845875
3.21057572203
3.21495972926
3.21432950187
3.21713398185
3.22038020663
3.22414258587
3.22774521545
3.23132230154
3.23476414899
3.23825975401
3.24139573383
3.24472168061
3.24769250723
3.24835737331
3.25203092184
3.25535864954
3.25862730639
3.26187180865
3.26500416903
3.26756588304
3.27020120865
3.27310050454
3.27568473715
3.27822140209
3.28122614945
3.28350489982
3.28598267827
3.28784495298
3.28994407581
3.29241089878
3.29579567436
3.29921409841
3.30118086354
3.30192402168
3.30057689344
3.2948839066
3.28947631887
3.28677977102
3.28162975916
3.27596945321
3.2705592466
3.26491803558
3.25928655478
3.2629039742
3.26607969872
3.26902097625
3.26908056148
3.27207442193
3.27541273895
3.27806649326
3.28163835302
3.28475921532
3.28763279187
3.2902138464
3.29317746864
3.29605733044
3.29830249751
3.29984233623
3.30164591811
3.30266713166
3.30536369785
3.30758061935
3.30836441217
3.31059921078
3.31229220186
3.31459259337
3.31561666365
3.31764453774
3.3198710241
3.32155283305
3.32363706376
3.32579651265
3.32730312443
3.32994661331
3.32819963813
3.33091413388
3.33325032082
3.33221769255
3.33105500245
3.33180194821
3.33433454291
3.33688795472
3.33904916288
3.34090326201
3.34245326055
3.34379656609
3.34606409165
3.34784299877
3.3494409307
3.35095986943
3.35266141196
3.3536380835
3.354917634
3.35623127353
3.35777146361
3.35887636584
3.36033894417
3.36176170454
3.36195170256
3.35963886142
3.3593329601
3.35688898342
3.35581844886
3.35739733307
3.35902238619
3.36072445734
3.36154050261
3.36245836474
3.36391833188
3.36537419923
3.36675503174
3.36809675995
3.36626214945
3.36730074641
3.36827764149
3.36957070556
3.3707962176
3.37135962768
3.37271582868
3.37363929398
3.37436943487
3.37469657721
3.37426516514
3.37500409834
3.37533290541
3.37441782407
3.37300822343
3.36986159665
3.36742290629
3.36793661261
3.36768975568
3.36760281055
3.36740748587
3.36486836967
3.36243107692
3.36232660871
3.36235818504
3.36203204827
3.36196632701
3.36202279162
3.36232583972
3.36270405347
3.36301990989
3.36317964265
3.36261296583
3.36204780188
3.36160993652
3.3613146607
3.3611729299
3.35889706626
3.35852539085
3.35812739579
3.35662994089
3.35596115245
3.3556162806
3.35536470178
3.35477583594
3.3544505889
3.35204970689
3.34938082279
3.34736063488
3.34571626529
3.34274324617
3.34224204305
3.33943222804
3.33665059151
3.33515013753
3.33197015281
3.329604202
3.32720560977
3.32508294639
3.32191366097
3.31946876457
3.31679687277
3.31502218718
3.3119909548
3.30992175316
3.30833829301
3.30513702053
3.30278607501
3.3007169272
3.29947644084
3.2971017088
3.29598651352
3.29354841169
3.29102949472
3.28799280356
3.28466140167
3.28152070444
3.2800179639
3.27779814936
3.27619129053
3.27274330189
3.27099869358
3.26776723983
3.26577685564
3.26331447875
3.2610350189
3.25889471999
3.25742164546
3.25421366341
3.25245696859
3.24973294202
3.2462683765
3.24299236996
3.24110183407
3.23845508132
3.23519302769
3.23213684036
3.22939546586
3.22781754275
3.22663790722
3.22420575325
3.22166688289
3.21962872743
3.21699766154
3.21595848871
3.21528708131
3.21353178228
3.20953640556
3.20696596615
3.20561022308
3.20492396749
3.20309875649
3.20190146686
3.19968832192
3.19723599745
3.19306718492
3.19098425996
3.18780501984
3.18492019985
3.18210273158
3.17946704465
3.17708600321
3.17549600093
3.1720763244
3.16886026709
3.16559591357
3.16354298246
3.16202489526
3.16017006139
3.15885084528
3.1558937478
3.15426254759
3.15229151263
3.14939686461
3.14706149723
3.14526344235
3.1421327987
3.13941382183
3.13890368979
3.13832459745
3.13622859987
3.13359009597
3.13132933788
3.12980600979
3.12899856624
3.12622477082
3.12335328002
3.12081665701
3.11859761146
3.1164747446
3.11360808036
3.11077596778
3.10982263189
3.10907317292
3.10836051537
3.1080988924
3.1069132386
3.10497584406
3.10341015237
3.10170447583
3.10112116275
3.09951195853
3.09910472898
3.09710569365
3.09770158695
3.0978231401
3.09821402222
3.09868068963
3.09834048202
3.09731276696
3.09799652848
3.09847906504
3.09862621873
3.09914581908
3.1001813186
3.10200759175
3.10361708886
3.10451322743
3.10535880351
3.1044758853
3.10481748485
3.10454351923
3.10545256975
3.10690073599
3.10424416263
3.10433391007
3.10600438486
3.1085594615
3.10963554743
3.11068732751
3.11103751415
3.11335002237
3.11527691167
3.11691450293
3.11950571878
3.12193003497
3.12317452234
3.12473001415
3.1266211827
3.12891460171
3.131114156
3.13278082757
3.13356090804
3.13643516717
3.13856333967
3.14089198296
3.14129790542
3.1431375364
3.14289243708
3.14408857597
3.14552755058
3.14812746647
3.15085921803
3.1516844078
3.15292098249
3.15375220425
3.1563644856
3.15883874539
3.15819089091
3.15734855283
3.15869892344
3.16054310344
3.16226674765
3.16162909858
3.16144767918
3.16300561387
3.16632673079
3.16944343908
3.17263430864
3.17380961899
3.17722569878
3.18053018511
3.18374429408
3.18724838917
3.19063973593
3.19365374418
3.19632905961
3.19936462101
3.20265300342
3.20642747417
3.20974640071
3.21316087095
3.21612440699
3.21934393267
3.22232439851
3.22550407897
3.22850208479
3.23214261696
3.23536836922
3.23808896751
3.23840727811
3.24046529933
3.24298264065
3.24571701749
3.24879384827
3.25187694892
3.25527201352
3.25857903194
3.26105500584
3.26454602429
3.26359542363
3.26551456264
3.26886235965
3.26857673034
3.26991388851
3.27059081665
3.27130527566
3.27473143328
3.2764156598
3.27743813324
3.27877468568
3.28059551521
3.28381312421
3.28764095997
3.29091366797
3.29462852478
3.29801496254
3.30157512192
3.30531817759
3.3087210592
3.31214932999
3.315497282
3.31880413708
3.32192354747
3.32257421257
3.32366011405
3.32644887383
3.3280429555
3.32831161296
3.33036680558
3.33352064813
3.33557949809
3.33528528379
3.33292234562
3.3281202607
3.32237976579
3.31664917236
3.31092846331
3.30521762161
3.29951663023
3.29382547218
3.2881441305
3.28247258827
3.27681082857
3.28081716026
3.28315552797
3.28346298598
3.28273491344
3.27962948662
3.27522626001
3.27257929816
3.27409320411
3.27658107972
3.27927403457
3.27996133134
3.28163472352
3.28300114442
3.28306843023
3.28505404938
3.28829333299
3.29089801565
3.29321945178
3.29592911777
3.29925852944
3.30225282879
3.30548966917
3.308184281
3.31077358381
3.31156281014
3.3105076954
3.30479757945
3.29909731258
3.29340687779
3.28772625813
3.28205543665
3.27639439648
3.27074312072
3.26510159254
3.25946979514
3.26039748903
3.26188006709
3.25754001511
3.25192126026
3.2463121969
3.2407128083
3.23512307779
3.2295429887
3.22397252441
3.21841166831
3.21286040383
3.20731871443
3.20178658359
3.19626399482
3.19075093167
3.1852473777
3.17975331651
3.17426873174
3.16879360702
3.16332792606
3.16467710358
3.16578495028
3.1683240325
3.17116099137
3.17359380579
3.17630357063
3.17887575152
3.18128803478
3.18307766986
3.1854935126
3.18755375042
3.18949676504
3.19142653962
3.193046138
3.19070588087
3.19086638356
3.19268215024
3.19401980891
3.19307153927
3.19475714669
3.19628065392
3.19834115784
3.19961063975
3.20093471716
3.20237423361
3.20362890912
3.20476053217
3.20580796584
3.20710483141
3.20879089653
3.20900440742
3.21012214023
3.21134126849
3.21251821182
3.21364207833
3.21319482502
3.21307391801
3.21008589169
3.20698241664
3.2046316986
3.20535848508
3.20592043549
3.20575481615
3.20544003806
3.20359150689
3.20246031429
3.20035055523
3.19851878455
3.19783020671
3.19706911322
3.19739836942
3.195127679
3.19406153874
3.19396040474
3.19380382682
3.19352312404
3.19231896252
3.18996135419
3.18709828285
3.18546522711
3.18522071843
3.18462767047
3.18292001027
3.18176116709
3.17817415059
3.17546456682
3.17443091043
3.17262205889
3.1706348574
3.16909211727
3.16806710976
3.16725900974
3.16447036714
3.16350687086
3.16285542242
3.16127234267
3.15955774914
3.15828596358
3.15752178457
3.15683796636
3.15609875848
3.1532637071
3.15220901892
3.15037829645
3.14744453511
3.14458399064
3.14254492415
3.14013714723
3.13792252268
3.13513401257
3.13191974886
3.12881703127
3.12577074796
3.12290420431
3.11988197835
3.11665047087
3.11486710281
3.11367312036
3.1127134187
3.11159342171
3.11062850575
3.10790426427
3.10588895466
3.10271214989
3.10048738551
3.09747934413
3.09508042814
3.09390323766
3.09079771676
3.0886869251
3.08536434997
3.08299666087
3.08075734807
3.07838951947
3.07723307885
3.07669222371
3.07630280642
3.07593041541
3.07372825895
3.07108378915
3.06814986302
3.06741210051
3.06647290361
3.06568424598
3.06454433052
3.06315340143
3.06093436452
3.0578525151
3.05515875211
3.05266767699
3.05108308431
3.04798385219
3.04648737574
3.04502393244
3.04228300934
3.039364607
3.03691345132
3.03553538459
3.03456817724
3.03161078846
3.02953090321
3.02951183292
3.02932535907
3.02828231639
3.0273540816
3.02653723369
3.02439356724
3.02217745381
3.02007848708
3.01828408235
3.01598825736
3.01509011924
3.01212654326
3.01167210327
3.01135821659
3.01240477679
3.01022582088
3.00990856703
3.00892316253
3.00798913039
3.01002061436
3.0063215246
3.00613926899
3.00683395669
3.00700866199
3.00710153456
3.00508384045
3.00591789411
3.00715836987
3.0080519678
3.00671586985
3.00778084245
3.00823186159
3.0087336548
3.0080506021
3.00783485246
3.00805409722
3.00826089599
3.00969998605
3.01115046423
3.01252855062
3.01237873481
3.0114194886
3.01010882495
3.00969513598
3.01144296123
3.01257033478
3.0115929752
3.00981012693
3.00883360517
3.01106248391
3.01365993372
3.01313139593
3.01387461829
3.0146201207
3.01607990614
3.01715776927
3.01933568149
3.02251252246
3.02553822885
3.02834318383
3.03113047115
3.03402786588
3.03527419648
3.03830689459
3.03892511434
3.03791520921
3.0399561724
3.04250687108
3.04514262129
3.04825103885
3.05080503353
3.0511199428
3.05295977776
3.05562765673
3.05870538479
3.0570514805
3.06078968351
3.06351461644
3.06466063432
3.06415064615
3.0648905312
3.06821025638
3.07132635077
3.07129957092
3.07394264736
3.07735312566
3.08097898554
3.0845680359
3.08602682117
3.08870591884
3.09183352099
3.09359179937
3.09549863007
3.09880367829
3.10210771632
3.10553974341
3.10936646882
3.11315600657
3.11409872601
3.11788299467
3.12219015535
3.1246287723
3.12720490046
3.12931083062
3.13165508726
3.13553899252
3.13900566587
3.14211598888
3.14544327505
3.14885611131
3.15180875744
3.15456974638
3.15772443657
3.16080955517
3.16242682415
3.16514271181
3.16895673434
3.1727983864
3.17662272067
3.18008964818
3.18437519222
3.18810135699
3.19193258061
3.19540155427
3.1992404954
3.20250607215
3.20517141092
3.20734958719
3.20842026827
3.21175707804
3.21548273189
3.21673181912
3.21982269328
3.22363449592
3.22715899962
3.23082250424
3.23425697053
3.23782838214
3.24073033605
3.24412368251
3.24700225538
3.24946688291
3.25246566663
3.25527773772
3.25843536331
3.2616934561
3.26478054296
3.26778238548
3.27014559103
3.27214246657
3.27452353413
3.27669106191
3.27695461743
3.27958699403
3.27986357399
3.27420631444
3.26855881279
3.26292105221
3.2572930159
3.25167468708
3.24606604902
3.24046708499
3.23487777831
3.22929811233
3.22372807041
3.21816763596
3.21261679239
3.20707552318
3.20154381181
3.19602164179
3.19050899665
3.18500585999
3.17951221538
3.17402804647
3.1685533369
3.16308807036
3.15763223057
3.15801447417
3.15256738555
3.15115671177
3.14762416639
3.14219499945
3.13677519699
3.13861866455
3.14126193432
3.14005266785
3.13463656058
3.12922979526
3.12383235578
3.11844422605
3.11306539001
3.10769583164
3.10233553492
3.10314350661
3.10558935425
3.10780898948
3.10981340874
3.11168038335
3.11338069451
3.11521317506
3.11741490487
3.11901858403
3.12135148388
3.12371304646
3.12368938052
3.11927971018
3.11389943306
3.10852843609
3.10316670327
3.09825410068
3.09292867962
3.08759385397
3.08226823007
3.07728519817
3.07793741874
3.07671252999
3.0714056747
3.06610797292
3.06821237989
3.07058152498
3.07265448211
3.07458300797
3.07591449071
3.07846781737
3.08112245998
3.08354771544
3.08540066309
3.08719926471
3.08949879261
3.09167063773
3.09387330062
3.09566481532
3.09753018649
3.09912710645
3.10090662547
3.101650138
3.10355404347
3.10546169469
3.10733972378
3.1089731767
3.10952704055
3.10867505024
3.10543140725
3.10206574059
3.09772738388
3.09796238756
3.09593599323
3.09059598043
3.08645285435
3.08471055176
3.08211464478
3.07842110787
3.07552082593
3.07719276509
3.07883499286
3.08045905686
3.0819547521
3.08323808465
3.08448710002
3.08567121739
3.08653877395
3.08704364382
3.08685109822
3.0851330637
3.08195979371
3.0796180343
3.07670623908
3.0724519393
3.06732612803
3.06203546284
3.05675392324
3.0516980997
3.04646092811
3.04120625218
3.03596063975
3.0307240752
3.02549654291
3.02034454606
3.01681958096
3.01528943436
3.01462055032
3.01348299585
3.01260958295
3.01107279549
3.01116948611
3.01103006966
3.01049539151
3.01034530284
3.00874523997
3.0069768301
3.00753331543
3.00704405214
3.00776214462
3.00753157282
3.00717337627
3.00676685678
3.00622615906
3.00554245681
3.00549514906
3.00578593642
3.00564441365
3.00467589813
3.0038858465
3.00331288274
3.00331879788
3.0032627026
3.00346009705
3.00326880137
3.00321671777
3.00307518536
3.00253037928
3.00260135776
3.00268483627
3.00188801078
3.00004643823
2.99863273988
2.99681806799
2.9938256106
2.99067881967
2.98907984967
2.98715206697
2.98589520409
2.98310677905
2.981605663
2.97967923726
2.97848772654
2.97709161907
2.97486472127
2.97127492028
2.96813772417
2.96536189362
2.96257668352
2.9607432979
2.95928441416
2.95646656159
2.95445276208
2.95220633497
2.95026612761
2.94696065609
2.94475993663
2.94215129085
2.93926241377
2.93693539348
2.93583899581
2.9332478057
2.9311400702
2.92889234104
2.92749667463
2.92706640111
2.92620593356
2.92513286067
2.92424568142
2.92352071027
2.92244427874
2.92108821129
2.92069837578
2.92011105372
2.91938313413
2.91789025581
2.91730572746
2.91564538867
2.91544083119
2.91478912138
2.91446765213
2.91499694009
2.91550522466
2.91464260604
2.91273656657
2.91010335086
2.908506662
2.90885367267
2.9089154164
2.90907449215
2.90921039265
2.90938058823
2.91021529367
2.90971234047
2.91085125675
2.91139930169
2.91165909082
2.91033099251
2.90891721141
2.90879628037
2.90931929167
2.90968804657
2.90811935101
2.90662663359
2.90636560272
2.9052113567
2.90365418963
2.90140337235
2.90010921735
2.8981843833
2.89820624201
2.89841402187
2.89696652072
2.89697978457
2.89827468635
2.89880326163
2.89861179925
2.89868995374
2.90012462197
2.89988173516
2.89897609003
2.89634481308
2.89514535504
2.89536561881
2.89606629174
2.89493904067
2.89110176279
2.89001196831
2.89155055942
2.89372923029
2.89624670516
2.89766367437
2.89921567964
2.89874102123
2.89985239983
2.90126038759
2.90208176322
2.90299720372
2.90352982904
2.90456436308
2.90677132111
2.90932948235
2.91167219654
2.91357280986
2.91357092265
2.91646696418
2.91852189542
2.92101800391
2.9232127401
2.92335840304
2.92654919307
2.92949419906
2.93270982854
2.93625866548
2.93753266003
2.94080130036
2.94320751441
2.94596463226
2.94588789949
2.94908326309
2.95100145217
2.95290214495
2.95560824871
2.9588581621
2.96202657672
2.96515439489
2.96803671197
2.97075115524
2.9739051754
2.97538556823
2.9788945247
2.97683936263
2.97506800718
2.97572006613
2.97822439496
2.98128500028
2.98476693238
2.98842258931
2.9905074152
2.99378936796
2.99720124892
3.0006134555
3.00429004234
3.00801229823
3.01190410511
3.01580132989
3.01892189004
3.01759965708
3.0211756236
3.0249829553
3.02825900725
3.03200305593
3.03500326179
3.03872859141
3.04221478688
3.04570663445
3.04928168131
3.05250273371
3.05520449484
3.05747468559
3.06049451714
3.06022319452
3.05516293588
3.04999736108
3.04489786859
3.03972063297
3.03447758301
3.0292435765
3.02401859785
3.01880263148
3.01363706883
3.008439009
3.00324991503
2.99806977143
2.99289856279
2.98805969061
2.98290574782
2.97776069478
2.97262451617
2.96931955381
2.96874816308
2.97109293748
2.97566409983
2.97969773367
2.97913504215
2.9804270728
2.98188959177
2.98631675825
2.99051017243
2.99275633649
2.99564035531
2.9992876893
3.00310642151
3.00681564816
3.007928421
3.01129175302
3.01519758665
3.01897171634
3.02249423022
3.02543201643
3.028331559
3.03140349546
3.03459777239
3.03738188138
3.0405602605
3.04065754911
3.03946972818
3.03871324165
3.03941318209
3.04265310287
3.04632352958
3.04956832387
3.05245747844
3.05539930882
3.05802945508
3.06144253533
3.0645092463
3.06692618789
3.07011350417
3.07310341553
3.07520610392
3.07764265184
3.07977548985
3.08236185627
3.08412686236
3.08264964932
3.08413686524
3.08634642981
3.08858979314
3.09083248228
3.09247453077
3.09324884998
3.09048851059
3.08603997233
3.0881727947
3.09021154207
3.08650391777
3.08118017385
3.07586561257
3.07056021808
3.07308667246
3.07552498127
3.07747469955
3.07911009272
3.08087485619
3.08245260361
3.08485939533
3.08720079755
3.08959140947
3.09142441656
3.09319315202
3.09558507877
3.09804242245
3.10008809625
3.10182336901
3.10399722822
3.10596929741
3.10772036976
3.10944147241
3.11111270583
3.11167952619
3.10895461061
3.1099686118
3.11221937188
3.11443132329
3.11601158336
3.11800011546
3.1199856579
3.12213339023
3.12437559141
3.12469532931
3.12140249155
3.12268854428
3.12457772496
3.12631656048
3.12814765695
3.13000584278
3.13046500256
3.13176985109
3.1331005522
3.1345972969
3.13594765214
3.13728375561
3.13576895457
3.13281292069
3.13074568351
3.13198758334
3.13321146561
3.13461502162
3.1359790692
3.13550224228
3.13612201919
3.1370167714
3.13805560232
3.13896015527
3.13947643505
3.13815603368
3.13769120188
3.13824195172
3.13559214483
3.13647642351
3.13704368805
3.13771063837
3.13406596287
3.13501974026
3.13424922496
3.13108290465
3.13127892777
3.13148527966
3.13106098785
3.13025377059
3.12973590832
3.12964015704
3.12988799652
3.12974964726
3.12969823922
3.12979287932
3.13023457493
3.13031893878
3.13007558111
3.12889963691
3.12811654655
3.12764942934
3.12752040489
3.12746384915
3.12689571306
3.12669341733
3.12662622047
3.12525088619
3.12406091276
3.12367390275
3.12340705625
3.12255786661
3.12121077934
3.11959716438
3.11843319623
3.1176669404
3.11709805631
3.1165457638
3.11586737523
3.11538579017
3.11322260925
3.1114082658
3.10764405205
3.1067750017
3.10599728114
3.10449525566
3.10210239134
3.09955631509
3.0978294003
3.09665988363
3.09592779063
3.09505393864
3.0930398003
3.0912630741
3.08975512031
3.08857988205
3.08636839381
3.08482810197
3.08244484365
3.07913214309
3.07864323842
3.07732340507
3.07562753968
3.07386691195
3.0720848664
3.06907011417
3.06576812956
3.06225375759
3.0587607515
3.05641689717
3.05346656501
3.05043795276
3.04826188698
3.04620010467
3.04380977658
3.04182826503
3.04032613993
3.03929177928
3.03791191687
3.03640814015
3.03476063082
3.03136837321
3.0292693245
3.0270662099
3.02557482434
3.02362563393
3.01989946655
3.01795058261
3.01702837468
3.01572323042
3.01454110521
3.01206514321
3.00963103463
3.00843693033
3.00631138556
3.00167127345
2.99863445893
2.99621366494
2.99338672015
2.99041722339
2.98641189548
2.98327661445
2.98041085091
2.97765222382
2.97478544354
2.9722830083
2.96970633148
2.9656776783
2.96332707161
2.96105074361
2.95899445385
2.95756140675
2.95624726582
2.95477327982
2.95360403556
2.95305368268
2.95179949495
2.95055277435
2.95007685862
2.94979003034
2.94573594269
2.9422123207
2.9412557889
2.94067051407
2.94039411136
2.93965447142
2.93662643494
2.93587368887
2.93503205587
2.93410924514
2.93324514828
2.9327567445
2.93277495996
2.93314359967
2.93306814934
2.93244132943
2.93246137795
2.9322756783
2.93227435727
2.93196917539
2.93179559321
2.93042057834
2.93058612517
2.93107323026
2.9315114134
2.93213409256
2.93252081956
2.93301355992
2.93340436604
2.93330502806
2.93278213826
2.93284479718
2.933402405
2.93201503143
2.93328315753
2.93264130257
2.93179267937
2.9285411394
2.92772547331
2.92715033078
2.92817099321
2.92945723435
2.93172669563
2.93422205507
2.93367957433
2.93503152425
2.93638073134
2.93625705148
2.93821980184
2.94008094807
2.9398873889
2.9412026422
2.9412385731
2.94249012022
2.94462463306
2.94710167826
2.94785005775
2.94905884074
2.9512828495
2.95377134632
2.95589736879
2.9531219014
2.95152089212
2.95085048935
2.9536403619
2.9560379479
2.95451464917
2.95730346573
2.96017799882
2.96269804678
2.9642684918
2.96677737413
2.96801675674
2.9658782359
2.96661178521
2.9684002047
2.96526685681
2.96759385917
2.97063620448
2.97368576435
2.97562316846
2.97902242835
2.98229485635
2.98545464389
2.98832900786
2.99118135393
2.99405640731
2.99707752511
2.99985769037
3.00278599858
3.00554351883
3.00821864173
3.01141283912
3.01417818271
3.01523390466
3.01411327862
3.009907591
3.00477357502
2.99972319911
2.99751754941
3.00125068009
3.0035869638
3.00690894256
3.0098315558
3.0131545733
3.01614262664
3.01740883944
3.01803456755
3.0208230812
3.02424331371
3.02727302444
3.02993871377
3.03297706787
3.03503268929
3.03424563748
3.03773302879
3.04132609981
3.04486821874
3.04812947297
3.05128782328
3.05436610733
3.05699335553
3.05947760325
3.06227442325
3.06563965908
3.06909117177
3.0721770114
3.07519459112
3.07814979383
3.07869301324
3.08150865896
3.084104602
3.08702336937
3.09011593269
3.09311013394
3.09625702607
3.09916768571
3.10064200141
3.10171993377
3.10488740271
3.10810158121
3.11144825982
3.11419900054
3.11677310883
3.11961890345
3.12288294835
3.12616413021
3.12899607647
3.13176318801
3.13424817317
3.13665207083
3.13833776752
3.13924518656
3.14199943096
3.14494728417
3.14783999856
3.15058760364
3.15307294905
3.15547428963
3.15806848598
3.15996175968
3.16189811376
3.16204688985
3.16148589563
3.16015633732
3.16111657782
3.16408440429
3.16692094382
3.16994777274
3.173186306
3.17555964474
3.1781800952
3.18107293602
3.18304271455
3.18523483633
3.18752033507
3.18979921792
3.19162312651
3.19378436017
3.19582016433
3.19810215376
3.20015972028
3.20240224443
3.20364508639
3.20568343955
3.2074810855
3.20906808564
3.21099244511
3.21243030551
3.21451718506
3.21605837487
3.21801295608
3.21996556058
3.22159402749
3.22271836759
3.22454854705
3.22650094451
3.22698503439
3.22872527511
3.22983463383
3.22938577822
3.23043897121
3.23209701053
3.23265357037
3.23257533772
3.23002093042
3.22699792971
3.22700728484
3.22806342263
3.22970779701
3.23136165941
3.23265065501
3.23413040474
3.2353033709
3.23662502404
3.23676982209
3.23826957132
3.23887276849
3.23916534321
3.2365368591
3.23737692658
3.23862186869
3.23914504999
3.23792238095
3.23689706529
3.2380578015
3.23539441361
3.234765106
3.23549760438
3.23622024761
3.23662696796
3.2372105594
3.23742740976
3.23834657244
3.23904227204
3.23979093968
3.24049237568
3.2409700845
3.24131433681
3.2390303471
3.23781745593
3.23729692331
3.23725443938
3.23740110619
3.23751366612
3.23764480911
3.23771731643
3.23791324786
3.23806538664
3.23768967366
3.23780082516
3.23761251876
3.23732362149
3.23740016524
3.23723199413
3.23646483093
3.23639653917
3.23616281015
3.23619425721
3.23587520004
3.23511267006
3.23427617741
3.23347934723
3.23248428893
3.23122666695
3.22957183271
3.22715676426
3.22483238536
3.22176674089
3.21809339554
3.21482248629
3.21125805484
3.20915374261
3.20622539959
3.20283857366
3.19885694308
3.19490469355
3.19295618669
3.19018419003
3.18780134047
3.18498310116
3.18038668274
3.17730779801
3.17457965118
3.17190325273
3.16969286477
3.16702095621
3.16273711434
3.15979488155
3.1583928358
3.15702886465
3.15517034976
3.15321949062
3.15108615256
3.14757233528
3.14439387941
3.14191194724
3.13981795866
3.13704546549
3.1350216101
3.13351582862
3.13138003038
3.12756055886
3.12414306944
3.12243520169
3.11953947456
3.11588010003
3.11374086802
3.11028418823
3.10787741907
3.10501475634
3.1010508354
3.09777330649
3.09485885886
3.09214665262
3.08889821713
3.08644819539
3.08326609808
3.07994614
3.07703198369
3.074083976
3.07121634405
3.06802714629
3.06509155916
3.06237068373
3.05958629334
3.05666042321
3.05421337366
3.05168692886
3.04985980724
3.04826294828
3.04541038055
3.04286837786
3.04110791487
3.03992904689
3.0376761867
3.03609622657
3.03310171608
3.03198231493
3.03053809906
3.02837983071
3.02474016508
3.02210852038
3.01834326557
3.01605399545
3.01392711132
3.01197979636
3.01063678026
3.00857482319
3.00648016722
3.00553202947
3.00412246829
3.00286060731
3.0026294407
3.00259869189
3.00089765599
2.99930711221
2.99733033409
2.9949955454
2.99395531284
2.99303001145
2.99276446791
2.99241429241
2.99245279384
2.99278358835
2.99129059836
2.98767896163
2.9866321492
2.98378063764
2.98217257142
2.98105451556
2.98040121283
2.97846286066
2.97734738477
2.97758502093
2.9766765782
2.97322969413
2.97225010028
2.97194916135
2.96901194705
2.97001821426
2.97020466851
2.96942071468
2.96927320217
2.96925168173
2.96698409477
2.96423169555
2.96376486232
2.96198118267
2.96114673661
2.96095490012
2.96118156504
2.96069940316
2.96128112044
2.9614198644
2.96290217471
2.96419714888
2.96100213751
2.95846345992
2.95937185719
2.95955135641
2.95989906065
2.95764958712
2.95587347709
2.95710697785
2.95835319194
2.95979404231
2.95998436953
2.95978254525
2.95905688005
2.9591198664
2.95637709639
2.95798588173
2.9595421062
2.95727915332
2.95841150863
2.95839407397
2.9581786151
2.95976408774
2.96180237546
2.96388727638
2.96623171718
2.96824711561
2.97017883627
2.97171135456
2.97400526043
2.97608312006
2.97852107422
2.97971043134
2.98211189913
2.98166301761
2.98206858723
2.98370273945
2.98536617513
2.98777494796
2.99055715175
2.99346286065
2.9962693063
2.99643946829
2.99847951344
3.00093612845
3.00374760837
3.00600278475
3.00857573441
3.01144284148
3.01429371084
3.01708435812
3.01920731621
3.01911528371
3.01719854149
3.01385429562
3.00905659575
3.00386643653
2.99868522953
2.99351295932
2.98834961048
2.98357012316
2.97851358781
2.97371393393
2.97369144633
2.97300763932
2.97594770319
2.97879267037
2.98131991137
2.98322426582
2.98608063059
2.98955405963
2.99293011758
2.99583369289
2.9985647723
3.00194032513
3.00293753675
3.00623195309
3.00968094319
3.01286873899
3.01234977643
3.0159961676
3.01948032327
3.0228621287
3.02611578182
3.02957269658
3.03210263609
3.03492654747
3.03824495266
3.04142396848
3.04448848047
3.04753522297
3.05017844503
3.0505333506
3.05363689398
3.05689610909
3.05972559495
3.06265623301
3.06566382905
3.06873527346
3.07190876975
3.07533622619
3.07863289559
3.08201631191
3.08515209167
3.08844505476
3.09186892918
3.09478069574
3.09791408691
3.10101221054
3.10408792846
3.10720075079
3.10964898054
3.11264504447
3.11604721369
3.11898443251
3.12214682025
3.12379245162
3.12668777907
3.12959677241
3.13232912872
3.1348716464
3.13679548658
3.13935968234
3.14194420128
3.14410289506
3.14637415682
3.14796094857
3.15016827165
3.15275686705
3.15537783018
3.15790205713
3.16034631376
3.16290167896
3.16533707909
3.16654300087
3.16659264017
3.16727159574
3.16742782019
3.16871067104
3.17133830863
3.17345061422
3.17616457314
3.17840528527
3.18020150807
3.1823565864
3.18455891768
3.18635299667
3.18801459821
3.18944265652
3.19097942451
3.19345624212
3.19565677831
3.19711328938
3.19917219726
3.20105492901
3.2032899841
3.20500765267
3.20490146072
3.20670252658
3.20846158743
3.21018888182
3.21188305123
3.213364867
3.21495248658
3.21664091053
3.21843955225
3.21995796186
3.22124389761
3.22281425441
3.22308448328
3.22471733555
3.22409791702
3.22555140808
3.22616493054
3.22710584452
3.22865146009
3.23019011068
3.23179698666
3.23333436082
3.2341692609
3.23538683979
3.23656824744
3.23780916078
3.23884954732
3.23910173624
3.23988408531
3.24071675117
3.24139750638
3.24193959987
3.24260926083
3.24330167919
3.2446059845
3.24521644708
3.24609149119
3.24385142009
3.24437820923
3.24461879938
3.24508918723
3.24538719301
3.24555585026
3.24579474563
3.24593650695
3.2463992516
3.24674768727
3.24712107169
3.24749393408
3.24451038698
3.24425431752
3.2437272409
3.24324214461
3.24322549741
3.24343011643
3.24329138976
3.2435136405
3.24187967435
3.2419532029
3.24185614638
3.2411942359
3.24033742412
3.23976593108
3.23967889334
3.23957549312
3.23957922596
3.23947183787
3.23932226002
3.239215954
3.23860725159
3.23654744349
3.23494590044
3.23365479221
3.2329121702
3.2321370669
3.23142103142
3.23070596062
3.2302050497
3.22968242867
3.22886852131
3.22750973347
3.22676398708
3.22578420319
3.22513174612
3.22399732061
3.22320753165
3.22159412845
3.21986005093
3.2185409699
3.21717575254
3.21574396653
3.21431511512
3.21249559591
3.21029883069
3.20764197301
3.20489236483
3.20182312236
3.19851865809
3.19532141264
3.19225769248
3.19054077814
3.18918155628
3.18819065611
3.18641420379
3.18329020645
3.18221416673
3.18073862769
3.17901041868
3.1771908962
3.17514610057
3.17288111123
3.17005552217
3.16690646749
3.16328451765
3.15931868536
3.15582681512
3.15207730251
3.14867148978
3.14623823699
3.14485425356
3.14282734139
3.14096464088
3.13964587473
3.13769999501
3.13549531457
3.13331795703
3.1307998983
3.1281414751
3.12612450758
3.1233913854
3.1207757774
3.11794741786
3.11537986054
3.11332290918
3.11041159247
3.10745539611
3.10439951387
3.10074537783
3.09705693755
3.09401928079
3.09147383346
3.08723564936
3.0846732037
3.08190980553
3.07975604988
3.07863243343
3.0772106402
3.07496625385
3.07309248908
3.07069601601
3.06936788819
3.06718323186
3.06575927214
3.06385229093
3.05935613406
3.0567467502
3.05348963142
3.05216291272
3.04845731549
3.04642407287
3.04427689812
3.04289253751
3.04197098935
3.04169055544
3.04123750181
3.04107422074
3.0396790203
3.03853528616
3.03689328193
3.03435138277
3.03236284193
3.02992235932
3.02744570821
3.02463700404
3.02384945232
3.02326711951
3.02102965619
3.01994431389
3.01881690107
3.01780554268
3.01644886888
3.01562525865
3.0155182393
3.01410046231
3.0127420953
3.01215353796
3.01126790049
3.01163069441
3.01112189497
3.00966898336
3.0088825549
3.00860146412
3.00870717594
3.00669041859
3.00461879865
3.00349925401
3.00042880957
2.99938833804
2.99737436541
2.99590965629
2.995927369
2.99628692848
2.9969472476
2.99673800872
2.99679383513
2.99654162851
2.99428434134
2.99231800702
2.99341740007
2.99470712974
2.99542094473
2.9922781879
2.99067674963
2.98935967754
2.9885536423
2.98841484634
2.98708276482
2.98660273609
2.98739225426
2.98871284089
2.98970790083
2.99096752244
2.99123042132
2.99191419777
2.99322656916
2.9908273672
2.99219541619
2.99369671459
2.99531976887
2.99587976813
2.99654555774
2.99642318194
2.99692589953
2.99810702266
2.99882535954
2.99968503881
3.00158512392
3.00231126391
3.00423763941
3.00635845539
3.0081973531
3.00997376809
3.01166051746
3.01336569744
3.01528041436
3.01674928492
3.01865063196
3.02020794545
3.0221299269
3.02373831631
3.02576236128
3.02739447668
3.02884252049
3.03009946476
3.03090914044
3.02989977917
3.02612116936
3.02172000681
3.02188403044
3.01983675395
3.02162389799
3.02405989032
3.02632854316
3.02870110493
3.02981057341
3.02967831401
3.02892509856
3.03076223901
3.02881539593
3.03112044552
3.03376007861
3.03549838108
3.03540712611
3.03435520168
3.03552086645
3.03497512435
3.0333058653
3.03185901963
3.02761225681
3.02239009193
3.01717693448
3.01197276893
3.00677757976
3.00159135149
2.99641406867
2.99124571586
2.98608627766
2.9809357387
2.98290604478
2.9792075675
2.97406889326
2.96893908244
2.96381811975
2.95943266655
2.95432810097
2.94923233997
2.94414536838
2.93906717103
2.93399773279
2.92893703855
2.92388507323
2.91884182176
2.91380726914
2.90878140033
2.90376420038
2.90386430859
2.89885558987
2.89385551041
2.88886405532
2.88388120972
2.87890695876
2.87394128762
2.8689841815
2.87156645001
2.87254846736
2.87586352507
2.87900431418
2.88198301178
2.88497518268
2.88749230288
2.88994354677
2.89032572498
2.88813396826
2.88398546472
2.87901103394
2.87404518328
2.86908789796
2.87004967915
2.87302712653
2.87551317142
2.87840851331
2.88078195676
2.88295476773
2.88463780648
2.88489212221
2.8872692005
2.88872257909
2.89170523348
2.89438847967
2.89724175536
2.89929947089
2.90058231272
2.90313493566
2.9062766687
2.90894631654
2.9116282813
2.91373644533
2.9157650663
2.91759760694
2.91981264607
2.92187364674
2.92404645733
2.92608400429
2.92743359599
2.9277652151
2.92470351641
2.92005732222
2.91507147244
2.91004342308
2.90502404634
2.90001332724
2.89501125087
2.89028951798
2.89265408368
2.89494006103
2.89718303769
2.89941868218
2.90113864602
2.90200364652
2.90112893016
2.89711802564
2.89238241487
2.89455123102
2.8935563808
2.89158939806
2.89001130767
2.8899624901
2.88852539906
2.88680718136
2.88701312266
2.88845653371
2.89090117815
2.89265535384
2.89464728757
2.89690237485
2.89908640008
2.90138586722
2.90340655804
2.90526904835
2.90681899042
2.90880098727
2.91079312607
2.91005808336
2.91044429658
2.91181650188
2.91350886935
2.91297377109
2.91422282246
2.91573668429
2.91735948214
2.91892513188
2.91906568755
2.92044203489
2.92071490881
2.91835324718
2.91871689346
2.91909589963
2.92050514607
2.92179355001
2.92316593696
2.92420639636
2.92510651728
2.92616863844
2.92712384795
2.92834544406
2.92937816256
2.92816345438
2.92795061478
2.9267392559
2.92453838294
2.92550576185
2.92401183907
2.92284638006
2.92036099321
2.91924719185
2.91925549702
2.91944158651
2.91993098897
2.91922657203
2.916278936
2.91471252367
2.91521528096
2.91248441382
2.90947943964
2.90925021851
2.90749491885
2.90387539752
2.9004802345
2.89793662608
2.89704835617
2.89600473257
2.89521335206
2.89431356547
2.89378955267
2.89131925892
2.88989809435
2.88916944766
2.88891578619
2.88885231306
2.88840769449
2.88493912449
2.88156100378
2.88026858816
2.87976887298
2.8792852616
2.87557850468
2.8718041883
2.87061297009
2.86972967806
2.86883930335
2.86649752872
2.86525031626
2.86398336252
2.86351971427
2.86301519957
2.86212540619
2.86043832043
2.85837206841
2.85677901963
2.85605431693
2.8540316633
2.85223452366
2.85092986315
2.84758182242
2.84407115509
2.8416352516
2.83943616499
2.83773438913
2.83550378299
2.83223935418
2.82921534384
2.82777045355
2.8236899109
2.82236385694
2.82108448472
2.81986714967
2.8179483005
2.81634930798
2.81320668328
2.81256480425
2.81162074593
2.81102212976
2.81008259923
2.80612513615
2.80429310242
2.80255437962
2.8007060725
2.79913864468
2.79829116692
2.79693469106
2.79614669905
2.79635872126
2.79391759118
2.79152362364
2.78976618391
2.78829550157
2.78460316038
2.78247932407
2.78135494236
2.78113508456
2.78029496332
2.77846683668
2.7762217735
2.77423090869
2.7723798388
2.77037094277
2.76806586024
2.76594548571
2.76328104406
2.76108448188
2.76048354446
2.75720847711
2.75524535779
2.75226884932
2.74979856273
2.74798267321
2.74632793616
2.74379289264
2.74195321893
2.73931914765
2.73534463916
2.73226073501
2.73070369375
2.7296826217
2.72960494931
2.72995546233
2.72899218892
2.72689216271
2.7252837315
2.72374764937
2.7226237042
2.72059151427
2.7200082986
2.719949874
2.71932110827
2.71743945884
2.71365931804
2.70991405955
2.70695730999
2.7059416207
2.70520873013
2.70463395016
2.70268711038
2.69983890071
2.6998595321
2.70056219289
2.70027329638
2.6977222733
2.69463420634
2.69273505005
2.6913753436
2.69151752503
2.69149968855
2.69193018594
2.69281636653
2.6918507902
2.68967986846
2.69073303932
2.69267116361
2.69343961078
2.69290976634
2.69419374677
2.69570657683
2.69658180462
2.69522626036
2.69359196159
2.69174131953
2.68932248686
2.68579424553
2.68302559684
2.68372555798
2.68603964366
2.6883072799
2.69083806663
2.69316535521
2.69563137345
2.6977884122
2.69980650165
2.70164073102
2.69961325966
2.69987844991
2.70146441532
2.70422515261
2.70694709593
2.70950443702
2.71176777371
2.71446026101
2.71233222389
2.71060934816
2.70952176791
2.70713529106
2.70651056707
2.70935824178
2.71232740168
2.71530246422
2.71849134929
2.72156362048
2.72490571676
2.72312256073
2.72272885132
2.72514838477
2.72609887834
2.72935561517
2.73220843805
2.73497294617
2.73418684414
2.73618670129
2.73968953813
2.74328715858
2.74657876035
2.75007539008
2.75327162021
2.75673552216
2.7594253326
2.76115895917
2.76024382359
2.76205447922
2.76522629474
2.76855067674
2.77185257424
2.77514723665
2.77683069681
2.78025669126
2.78371715376
2.78716564594
2.78874654834
2.79206268483
2.79110240154
2.78899660394
2.78983430396
2.79330037614
2.79367472007
2.79254204408
2.79240342049
2.79564864306
2.7979955299
2.80159313782
2.80269185828
2.80634551498
2.80914556786
2.8128130969
2.81556424784
2.81935412006
2.82285832665
2.82527900838
2.82801358041
2.83184299133
2.835471583
2.83602183631
2.8394530145
2.84318997123
2.84687242459
2.85055920313
2.85451150024
2.85804867074
2.86175294059
2.86521335914
2.86575600519
2.8646253089
2.86753751539
2.87056013453
2.87448274663
2.87798863181
2.88160616206
2.88483859657
2.88788947291
2.89073439829
2.89360388734
2.89652568959
2.89804328404
2.90157054944
2.90455881075
2.90652244107
2.90613866541
2.9084520255
2.91157298924
2.91497738716
2.91816830053
2.92144393049
2.92456002193
2.92742898227
2.93051214248
2.93366224748
2.93715400852
2.94002859423
2.94290365989
2.94605723352
2.94893449428
2.95208879981
2.95526518751
2.95804554295
2.96130508442
2.96405929549
2.96678839717
2.96754251166
2.9705739492
2.97354272267
2.97640594185
2.97922996777
2.98164486762
2.98430240743
2.98415998134
2.98580518502
2.98798767906
2.98858831788
2.99120612933
2.99329911444
2.99592667456
2.99858560324
3.00083094804
3.00289624464
3.00515012646
3.00642036541
3.00873347631
3.01096110736
3.01262235314
3.01491039557
3.01719647306
3.01903447998
3.02098840194
3.02313637847
3.02472481964
3.02635828969
3.02874061827
3.03034728733
3.03241935839
3.03454121876
3.03671593978
3.03830554247
3.03987083894
3.04139598436
3.04308569311
3.0447516589
3.04477563147
3.04649808172
3.04829113033
3.05002918655
3.0506048769
3.05242526238
3.05318403478
3.0548487859
3.05588072874
3.05687707475
3.05778099072
3.05931110012
3.05899055877
3.05855866843
3.05915859662
3.06035518296
3.0617513847
3.06309896101
3.06014221754
3.06131782892
3.06293348325
3.06404384346
3.06323437641
3.06432890967
3.06552867979
3.06668503392
3.06784809791
3.0692031107
3.07013047434
3.07077187965
3.07143742472
3.07149181701
3.07198575007
3.07204903499
3.07269996886
3.07338200908
3.07370982904
3.07452150072
3.07272460452
3.07173832912
3.07041459239
3.06897423207
3.06971811107
3.07045485749
3.06801434223
3.06829233771
3.06842115855
3.06867918935
3.06881031513
3.06901015712
3.06929911312
3.06949619404
3.06971980214
3.06868836394
3.06798168132
3.06670036105
3.06404769981
3.06151502871
3.05758101031
3.05709583436
3.0568683219
3.05692171973
3.05695990487
3.05707653884
3.05721723488
3.05713900587
3.05599456357
3.05470976091
3.05426523665
3.0524905684
3.05075518058
3.04936528091
3.04847190121
3.04826588858
3.04740340399
3.04547445623
3.04315042574
3.04245586659
3.04158357502
3.04020650929
3.03653500112
3.03572574548
3.03522252679
3.0347578327
3.03422936148
3.03293495607
3.03114056697
3.02932078962
3.02743135681
3.02449389977
3.02227345248
3.02078221358
3.0198375733
3.01789670272
3.01487272633
3.011262382
3.00767427257
3.00529288678
3.00313050224
3.00100527757
2.99923255283
2.99561827242
2.99403105629
2.9920422075
2.989333397
2.98524671273
2.98329073276
2.9812200326
2.9783395498
2.97606439579
2.97333885395
2.97070233199
2.96837939769
2.96683525681
2.96572993235
2.96379319306
2.961436818
2.95932801867
2.95804262688
2.95657918608
2.95550431591
2.95434394925
2.95279485149
2.95179398576
2.95025440828
2.94959964671
2.94786272516
2.94519943337
2.9431801003
2.94029048994
2.93745254199
2.93323101395
2.93003428182
2.92695553644
2.92547114656
2.9244450336
2.92259206055
2.92110364801
2.91874543105
2.91682720946
2.91342544402
2.91117106855
2.90845527528
2.90591340957
2.90455818889
2.90228479204
2.90121387096
2.8974824691
2.89370732488
2.89047547243
2.88804790916
2.88650788083
2.88525081508
2.88276240245
2.88061604576
2.8788176332
2.87709180697
2.87571673336
2.87362783267
2.87052561496
2.86942922396
2.86775392183
2.86530690681
2.86396545884
2.86256836852
2.85967821643
2.85903222169
2.85697615324
2.85466578671
2.8522013003
2.84910730471
2.84784186433
2.84793695179
2.84833268939
2.84906849481
2.84873361209
2.84777428566
2.84678172184
2.84593401059
2.84299516076
2.84110277839
2.84108547324
2.84169018438
2.84191227185
2.84053262246
2.84196314846
2.84339067195
2.84403814971
2.84337472024
2.84434076648
2.84412741446
2.84332294568
2.84271208633
2.84322127483
2.84445012451
2.84463268104
2.84556644834
2.84444447045
2.84316202504
2.84184936962
2.84048059695
2.84181943929
2.8429263943
2.84421738225
2.84338999159
2.84305664387
2.84408507542
2.84586303867
2.84800966403
2.85007194053
2.85205388646
2.85383057151
2.85298456891
2.85263494557
2.85347686665
2.85362528492
2.85470629135
2.85577816423
2.85660739069
2.85818184298
2.86046030402
2.86255666054
2.86510824299
2.86669983076
2.86763224612
2.86483970599
2.86521401917
2.86410978911
2.86617250232
2.86838553936
2.87089682487
2.87344967527
2.87599451562
2.87856969535
2.88119794565
2.88383494056
2.88657105163
2.8898052832
2.89251552618
2.89356934997
2.89600579262
2.89811615245
2.90076333902
2.90339057211
2.90366114133
2.90576415857
2.90412795935
2.90096439073
2.90207104949
2.90502215223
2.90768250309
2.91102456717
2.91408651501
2.91719707579
2.92031287094
2.92358007836
2.92674827571
2.93002884097
2.93319904005
2.93635409322
2.93949872104
2.94260825343
2.94565430449
2.94899360318
2.95167645721
2.95463960681
2.95745751093
2.96011022465
2.96115903617
2.95983527043
2.95700819153
2.95210402694
2.9471710556
2.9444724784
2.94702445581
2.94993158998
2.95270095124
2.95266498497
2.95124132059
2.95435191579
2.95657177084
2.95965989633
2.96239534762
2.96569228685
2.96870641348
2.97014855167
2.97204042866
2.97445372812
2.97671993731
2.97939579241
2.98196965184
2.98424316336
2.98510864772
2.98428763878
2.98184719266
2.97788979624
2.97346199849
2.96833323447
2.97103624288
2.973754795
2.97652326021
2.97853101579
2.97958766898
2.98258818793
2.98457920803
2.98772378966
2.99041487429
2.9931230359
2.99603364008
2.9988257522
3.00137112244
3.00379270912
3.00651635893
3.0090629544
3.01122579952
3.01382884524
3.01562591725
3.01835020212
3.02043829965
3.02281588165
3.02495784837
3.02692885735
3.02934314308
3.03183523336
3.03427732268
3.03640754426
3.03845433139
3.04088083001
3.04222681033
3.04125368416
3.04328283812
3.04517082165
3.04709067368
3.04891828877
3.05124455601
3.05373985766
3.05579655356
3.05697441154
3.05902549719
3.06111791353
3.06297577694
3.06512322594
3.06717948244
3.069219089
3.07098190533
3.07282726988
3.07471006845
3.07308828797
3.073938862
3.07218885728
3.07078129934
3.0727029746
3.07474210128
3.0760224316
3.07759951878
3.07929596935
3.08084278844
3.0823766825
3.08417133352
3.08629183804
3.08815584362
3.0896603988
3.09111519346
3.09257054242
3.09248608792
3.09148486397
3.09273817794
3.09345840906
3.09479437687
3.09611302092
3.09714208624
3.09858330366
3.09841016605
3.0955807333
3.09515482904
3.09626343208
3.09750845539
3.0985289274
3.09981112366
3.10092652286
3.10054090371
3.09997655593
3.09990331056
3.09948932061
3.09817512206
3.09899298389
3.09978207507
3.10064503449
3.10136238112
3.10221102219
3.10316670607
3.10370452526
3.10473280165
3.10159046142
3.09892653107
3.09991008149
3.10028591675
3.09962203867
3.0994178798
3.09962142383
3.10030102241
3.10091147172
3.10113354176
3.10154079056
3.10191880135
3.10193860137
3.10261705206
3.10278697097
3.10266766149
3.10247768295
3.10223123804
3.10203428482
3.10183834937
3.10157613313
3.10036258693
3.09926872495
3.09617140951
3.093217915
3.09156034015
3.09051711157
3.08782166227
3.08730314627
3.08716644079
3.08462914476
3.0822953765
3.07980385124
3.07937813336
3.07935699466
3.07932818251
3.07783714215
3.07614952656
3.07215307019
3.07141741394
3.07060629522
3.07003189486
3.06965869789
3.06804982006
3.06637377922
3.06485048752
3.06071744054
3.05911954513
3.05721565829
3.05580881523
3.05320675054
3.0524447498
3.05077700742
3.04967790418
3.04824820843
3.04756087369
3.04431140198
3.04005236476
3.03664216995
3.03555548015
3.03350389153
3.03145695073
3.03037950799
3.02869336185
3.02726696773
3.02600136018
3.02446497644
3.02283016999
3.02112314596
3.01982454774
3.01654485208
3.01410411015
3.01333157649
3.00930384882
3.00773443037
3.00535458479
3.00352884487
3.001968442
2.99921177776
2.99630867246
2.99402127121
2.99218667692
2.99023774965
2.98710608542
2.98345706596
2.98124900231
2.97960282746
2.97565076002
2.97263930216
2.9695238349
2.96636604934
2.96362524466
2.96084940387
2.95922034021
2.95768441984
2.95628751206
2.95551583045
2.95440565084
2.95363304042
2.9532049956
2.95242965892
2.95042786064
2.94924205566
2.9470279743
2.94501100048
2.9435172509
2.94202557728
2.94111459022
2.93950325798
2.93687401048
2.93439635638
2.93210154071
2.92914421948
2.92587171011
2.92220550747
2.91912162682
2.91537701991
2.91137548752
2.90819010751
2.90554018779
2.90419222574
2.90272469696
2.90067221905
2.89776343373
2.89462217042
2.89198392897
2.89005967507
2.88803291178
2.88610894521
2.88297007281
2.88138321541
2.88082039018
2.8802874019
2.88000454223
2.88005327944
2.87762840145
2.87645011572
2.87467370485
2.87390688717
2.87330285851
2.87144489788
2.87143993827
2.87157915962
2.87060509016
2.86924967797
2.86801148659
2.86574368726
2.86371977738
2.86406837481
2.8642313009
2.86099529953
2.85917987707
2.85829657912
2.85684595374
2.85424960292
2.852661164
2.85126513061
2.84994064158
2.8495171072
2.84876409818
2.84886874218
2.84963953484
2.84877051257
2.84777274429
2.84711662945
2.84684557937
2.84717873653
2.8482652453
2.84643681103
2.84634184421
2.84341507834
2.84084760164
2.84099828531
2.84128630433
2.84268850667
2.84357049881
2.84391055959
2.84467134105
2.84637797473
2.8453001881
2.84361864469
2.84144673898
2.84258796867
2.84467327819
2.84666398058
2.84498731085
2.84532413599
2.84560834863
2.84725280985
2.84932803537
2.8515147608
2.85370455824
2.8545827271
2.85467763297
2.85691090549
2.85894414329
2.8612168063
2.86113354355
2.8589954731
2.86034298314
2.86190613492
2.86352159071
2.86539496423
2.86749682062
2.86954092363
2.87181710179
2.87418432541
2.87652271959
2.87794620334
2.87804898878
2.8799810089
2.88004568021
2.88248733082
2.88461336736
2.88447442695
2.88488733533
2.88752767943
2.88935618487
2.89165087726
2.89389368342
2.89477812262
2.89496597619
2.89722615571
2.90028985168
2.90326414541
2.90623399652
2.90925916245
2.91210942219
2.91373506763
2.91669186707
2.91887009201
2.92185665905
2.92456653635
2.9263642458
2.92753959072
2.9299092015
2.93249693791
2.9356041139
2.93860776416
2.94107614375
2.94319960958
2.9463215408
2.94921227858
2.95122908594
2.95374471921
2.95629170618
2.95886528082
2.95951897856
2.95785062183
2.95801964293
2.9611841652
2.96414142867
2.96713159791
2.97014419112
2.97343512815
2.97641901872
2.97993145162
2.98316317032
2.98550368293
2.98837120601
2.99129711525
2.99407616034
2.99682452287
2.99963400583
3.0024159016
3.00528968373
3.00833541454
3.01124489064
3.01359385109
3.016518157
3.01919612468
3.02126775595
3.02300905211
3.02393160648
3.02381221465
3.02437537735
3.02206752658
3.01761062096
3.01289345791
3.00846055744
3.00441270109
3.00726597094
3.0096845351
3.01198176654
3.01477945841
3.01734620287
3.01991198375
3.02195851353
3.02446614256
3.02669390429
3.02869054719
3.03152815681
3.03425848953
3.03663548371
3.03869258053
3.04083489115
3.04346816041
3.04549823168
3.04767922984
3.04971591573
3.05158513788
3.05335987978
3.05408471895
3.0549262601
3.05658164252
3.05567000251
3.05673652439
3.05714741919
3.05947307484
3.06169170507
3.06343777182
3.06498081119
3.06659263708
3.06853734848
3.07027994665
3.07154058196
3.0731043879
3.07500795743
3.07674315404
3.0782110539
3.08019207197
3.08196199025
3.08328458702
3.08478172831
3.08591722172
3.0862228156
3.08775351434
3.08928446459
3.09063974194
3.09184671155
3.09292402272
3.09440274018
3.09587429829
3.09752119302
3.09857702459
3.09999302065
3.10131527666
3.10261887355
3.10365423582
3.10460977954
3.10555393282
3.10640617017
3.10732728475
3.10837724359
3.10952684942
3.11055006896
3.11160112683
3.11241435241
3.11311214125
3.1138279824
3.11389636448
3.11324106385
3.11166592892
3.10985437898
3.10723863661
3.10287621335
3.09820728476
3.09371922702
3.08851732912
3.08961564444
3.09021601527
3.08941203262
3.08717688398
3.08404246239
3.07915064115
3.0738395805
3.06853768061
3.06329816195
3.05801444438
3.05284291383
3.04770368566
3.04260356387
3.0373555413
3.03291337012
3.02810663721
3.02552870025
3.02481626261
3.02183477108
3.01922827005
3.01696026127
3.01501296119
3.01549444924
3.01563606637
3.01621145997
3.01650823906
3.01663955622
3.01693108283
3.01734449404
3.01772491081
3.01747923294
3.01698870662
3.0167886183
3.01526280995
3.01412549995
3.01352848705
3.01267194928
3.01139291332
3.01042536047
3.00991650653
3.00960220188
3.00891451942
3.0086419247
3.00814163265
3.00786172978
3.00764170307
3.00741999103
3.00720123175
3.00670325547
3.00616930166
3.00569404409
3.00456326945
3.00357556066
3.00270761617
3.00200384246
3.00102391097
2.99974938969
2.99789934057
2.99560496689
2.99382284647
2.99155138546
2.98780040697
2.98576181359
2.98338568795
2.98224241339
2.97969688857
2.97744856994
2.97404741915
2.97095183467
2.96703314164
2.96592496468
2.96393964663
2.96199288201
2.9596211196
2.95791046676
2.95349916329
2.95111990854
2.94888722229
2.94599598794
2.94375923455
2.94147911011
2.9395426599
2.93727046978
2.93473125553
2.93128976923
2.92707353504
2.92507427361
2.9221039833
2.91928899382
2.91727934956
2.91483468096
2.91227840615
2.910049907
2.90835083625
2.90688737878
2.90409655597
2.90251029488
2.90094413175
2.89972687306
2.89809289508
2.8966246972
2.8950222365
2.8935658518
2.88940131589
2.88780490449
2.88599354581
2.8850083091
2.88267840366
2.88023686089
2.87855187056
2.87784012023
2.87591697441
2.87404638006
2.87326731765
2.87185472151
2.86989782256
2.86798432329
2.86639028249
2.86528057131
2.86368234
2.86244337136
2.8617278241
2.85859170108
2.85535349763
2.85250506098
2.8515919942
2.85033843984
2.84854230082
2.84687757316
2.8458904048
2.84352127922
2.84310633579
2.84215241771
2.84076556074
2.83954826238
2.83969831195
2.83689727108
2.83528934725
2.83394214408
2.83275590241
2.83114658389
2.82948569567
2.82819162187
2.82443936565
2.82266444684
2.82088127026
2.82002618008
2.81997677527
2.82027599305
2.82070351649
2.81789453694
2.81558068441
2.81409372107
2.81412534262
2.81142439544
2.81112745518
2.81108931593
2.81009289076
2.80876322224
2.80771796028
2.80791746817
2.80866499056
2.80967101485
2.80947881023
2.80883047639
2.80863522128
2.80681015958
2.80661325258
2.80678174916
2.80768551807
2.8091065084
2.81035060158
2.81179278337
2.81314360757
2.81441378998
2.81503963477
2.81588652111
2.81694457943
2.81717733872
2.81721625237
2.81663259315
2.81403053393
2.81371527396
2.81364232238
2.81292682226
2.8118779796
2.81140602317
2.81204146959
2.81201785865
2.81351873031
2.81512195294
2.81646954432
2.81853576483
2.82082999902
2.82240456814
2.82385438407
2.8257489248
2.827285439
2.8289702692
2.82834546365
2.82944034258
2.83103597357
2.83299610837
2.83459624303
2.83693499147
2.83888638288
2.84090010959
2.84280096534
2.84457857129
2.84679215007
2.84880836001
2.85140536207
2.85165036891
2.85197148792
2.85463570349
2.85727386776
2.86012811209
2.86011847427
2.85885806165
2.86153164115
2.86394677447
2.8658161142
2.86823282821
2.87093746133
2.87395784302
2.87688609015
2.87893058539
2.88199671743
2.88069679005
2.87964678424
2.88082870927
2.88319266588
2.88510029278
2.88779639757
2.89062901607
2.89289525875
2.89520429365
2.89797137445
2.90065048766
2.90317569695
2.90596456506
2.9090658119
2.91213884885
2.91470985214
2.9176616162
2.92039670851
2.92337403505
2.92639522508
2.92961874008
2.93271330727
2.93592712861
2.93846135135
2.93939979978
2.93908184854
2.9373716964
2.94035438473
2.94346566102
2.94606888784
2.94917937998
2.95228466563
2.9547141704
2.95775556289
2.96073812919
2.9639488574
2.96679689913
2.9694643716
2.96888522885
2.9720276237
2.97503359065
2.97803530799
2.98097392667
2.98414931258
2.98695379057
2.98990999844
2.99291810647
2.99521896073
2.9985072288
3.0003198186
3.00306040002
3.00523096516
3.00851874122
3.01131387749
3.0141232352
3.01702772285
3.01939389871
3.02165069477
3.02432147173
3.02703629824
3.02731103152
3.03013195889
3.03284615819
3.03542672544
3.03813131221
3.04072201929
3.04357663346
3.04604226077
3.04898058502
3.05167703691
3.05417265198
3.05670094797
3.05890344783
3.06153778723
3.06411036648
3.06643312598
3.06849828979
3.07000765151
3.0728521533
3.07461117183
3.0774598464
3.07978722056
3.08195593826
3.08411767972
3.08637167995
3.08835886735
3.09004664146
3.09187573126
3.09361352099
3.09532522084
3.09691368397
3.09836339852
3.10003597201
3.10159803771
3.10307652373
3.10478498138
3.10365162796
3.10518996893
3.10695426018
3.10858715266
3.11007259474
3.10985801106
3.11128662437
3.11243435905
3.113878223
3.11454443476
3.1149061864
3.11576798449
3.11702104788
3.11834880209
3.11948036922
3.12051557071
3.12071509007
3.11887816545
3.11520969519
3.11187173611
3.10900759318
3.10733716122
3.10879004786
3.1102209979
3.11129429388
3.11228436526
3.11335868456
3.11478741838
3.11597692589
3.11723198061
3.11824454469
3.11904028927
3.11973238252
3.11760360518
3.11665756154
3.11772802812
3.11862538633
3.11967195552
3.12057649002
3.12115253823
3.12201253559
3.12246725051
3.12286384404
3.12334830831
3.12382766447
3.12409701491
3.12467296611
3.12515167552
3.12572581008
3.12594784416
3.12609437798
3.126636741
3.12713679225
3.12751586204
3.12784571672
3.12813618406
3.1248367403
3.12135344294
3.11833371994
3.11851325726
3.11870232064
3.11801181456
3.11828167737
3.11719069665
3.11653756557
3.11590122877
3.11480101426
3.11151270077
3.11176437805
3.1107973118
3.11084062782
3.11014842335
3.10656587661
3.10485287225
3.1030451003
3.10149670498
3.09991909343
3.09597296644
3.09572739544
3.09496542271
3.09451650968
3.09356235472
3.09320892941
3.09253937187
3.0904110728
3.08825423394
3.08634723966
3.08495559841
3.08109112834
3.07808610282
3.07751976587
3.07697165986
3.07643086051
3.07385201935
3.07263143144
3.071643884
3.0693792276
3.06766034117
3.06617850344
3.06421082708
3.06236593445
3.05972830095
3.0563150091
3.05217268473
3.0492218863
3.04795928268
3.04667628673
3.04540111239
3.04419966578
3.04303672648
3.04154874829
3.04005982573
3.03699337127
3.0351493975
3.03270510539
3.03019376329
3.0279265252
3.02563827958
3.02385421502
3.02062178025
3.01792255147
3.01603977093
3.0145423505
3.01295460055
3.01109548308
3.00985069749
3.00844128993
3.00724613905
3.00605235687
3.00501195153
3.00341156433
3.00127104827
2.99821998861
2.99447101677
2.99273598382
2.99115114267
2.98692560707
2.98460462168
2.98245774099
2.98059648337
2.97905198726
2.97698424048
2.97507044796
2.97113211495
2.9693367899
2.96773941147
2.96573285173
2.96213206386
2.96147381811
2.9584639808
2.95693677694
2.95490459244
2.95243988724
2.9501392804
2.94846898147
2.94720763879
2.94652084432
2.94466887886
2.94198865883
2.93928913694
2.93544705537
2.93364004717
2.93143105222
2.92772253373
2.92442721621
2.92239917451
2.92039312802
2.9182335665
2.9159853692
2.91485767337
2.91320303478
2.91031502676
2.90815284354
2.90554693077
2.90185447967
2.89891442252
2.89676242942
2.89488243029
2.89237264576
2.88954003965
2.88823655844
2.88619667437
2.88370351556
2.88170122829
2.8798083673
2.87860479973
2.87541371285
2.87377844999
2.87140423343
2.86901598018
2.86682652159
2.86504032172
2.86332219844
2.86285667018
2.86260622901
2.86291376105
2.86215029976
2.86152888893
2.85798355963
2.85736211142
2.85742305185
2.85723099176
2.85568953382
2.8565405663
2.85696200315
2.85567251415
2.85542980661
2.85490954293
2.8549247053
2.85412490946
2.85358200421
2.85402821146
2.85483953327
2.85525312144
2.85577644545
2.85648981706
2.8572758726
2.8541764507
2.85305097732
2.85208186895
2.85225506118
2.85348063008
2.85374508917
2.85465572892
2.85631881573
2.857542132
2.85929032361
2.86012100844
2.86153637376
2.86278826587
2.86117011543
2.86226679384
2.86368516145
2.86427806098
2.86610939179
2.86771761982
2.86955175178
2.86990582024
2.86975334257
2.86872168345
2.86841269769
2.86827433205
2.86903291366
2.86639650616
2.86828145813
2.86959232546
2.87031814715
2.87045031307
2.87129158333
2.87315586435
2.87450566177
2.87447405423
2.87609759575
2.87814929963
2.88027805092
2.88250899849
2.88446846315
2.88665486212
2.88854129476
2.89023342997
2.89264166266
2.89498807228
2.89706755643
2.89902171014
2.90103806984
2.90157794595
2.89918809682
2.897952808
2.90005246316
2.90197353409
2.90283518938
2.90425157221
2.90684147912
2.90939634274
2.91098255358
2.9133699774
2.915812188
2.91841106538
2.9208793709
2.92238923155
2.92418047213
2.92645748401
2.92877717393
2.93101582621
2.93335500439
2.93598029318
2.93842723316
2.93936684565
2.93756628843
2.93311519459
2.92828160867
2.92323077386
2.91818865096
2.91315854364
2.90815955115
2.90327851265
2.90273736746
2.9054243844
2.90813075354
2.91107205005
2.91363770664
2.91585732625
2.91819017921
2.92076415007
2.92256701458
2.92521521964
2.92734013997
2.92787051314
2.92936814099
2.93186074175
2.93436657745
2.93599742837
2.9381702004
2.94012736674
2.9424670032
2.94298537792
2.94228837628
2.93895667602
2.9415107417
2.94361428904
2.94573729357
2.94700714576
2.94848285053
2.94977701933
2.94918763169
2.94628118622
2.94155322791
2.93656384208
2.93149872169
2.92644233786
2.92139467551
2.9163557196
2.91132545512
2.90630386707
2.90883847306
2.91093083889
2.91135273246
2.91308655915
2.91493495184
2.91717996955
2.91898709599
2.92125023638
2.92313161331
2.92477126986
2.92674825019
2.92850081705
2.93028083573
2.93172425269
2.93352879863
2.93502740856
2.93654933802
2.93855641713
2.94042029195
2.94214968801
2.94389707355
2.9451847988
2.94632993073
2.94719546761
2.94645601229
2.94311576117
2.93878799185
2.93373540954
2.92867516777
2.92362365413
2.91858085358
2.91472003184
2.91004136065
2.90502198746
2.90001127192
2.89500919909
2.89001575406
2.88559235552
2.8806151531
2.87564653559
2.87068648818
2.86573499608
2.86729252913
2.86774630468
2.86738415661
2.86243836053
2.85765505533
2.8529624863
2.84804156538
2.84312913229
2.83822517239
2.83332967107
2.82844522838
2.82356659595
2.81869637841
2.81383456125
2.80898112997
2.80413607012
2.79929936725
2.79447100694
2.78965097482
2.7848392565
2.78003583766
2.77524070398
2.77059657331
2.76624590732
2.76814958214
2.76955524451
2.7710747974
2.77261996006
2.77282111141
2.77272477596
2.77237665557
2.77342946257
2.77400992323
2.77489430914
2.77478711134
2.77309180871
2.76974874445
2.76535466815
2.76101304176
2.75669311216
2.75210483343
2.74781725006
2.74333710526
2.73860527124
2.73399300218
2.7304858651
2.72604130821
2.72133930677
2.71664541557
2.7119596206
2.7075627443
2.70306693419
2.69850893806
2.69385442572
2.6892079417
2.68460961473
2.67997907658
2.67581972238
2.67125128266
2.66883259074
2.66494480733
2.66081324499
2.65652257517
2.65480102014
2.65163857574
2.64838776004
2.64903746868
2.648614041
2.64855918426
2.64866046586
2.64901360107
2.64947916841
2.64961482597
2.64972405281
2.64991292227
2.65012063553
2.64999980414
2.64929186643
2.64809282743
2.64719913585
2.64649607537
2.64577442493
2.64526253639
2.64504436849
2.64541585469
2.64378597019
2.64268384925
2.6417845811
2.64172100482
2.64066593366
2.64004383933
2.6401514473
2.63992183959
2.63881113396
2.63742613017
2.63481472881
2.63225495552
2.63168520055
2.63091544195
2.62971879334
2.62871867273
2.62785467903
2.62640163957
2.62584902321
2.62347190105
2.6217142845
2.61982370258
2.61793999619
2.6175920484
2.61720260416
2.61714426094
2.61719497695
2.61719161856
2.61616113058
2.6159128949
2.61231098449
2.61063106165
2.60880037538
2.60700309903
2.60518098438
2.60426128826
2.60206697099
2.59944910304
2.59663648135
2.59556982204
2.59380254989
2.59096768645
2.5899977916
2.58844004396
2.58619471281
2.58239135367
2.58156538115
