#year	doy	ET	       T	ES	I	     EC
1998	1	2.017	0.549	0	1.467	1.467
1998	2	1.341	0.453	0.004	0.884	0.888
1998	3	1.128	0.637	0.005	0.487	0.491
1998	4	1.15	0.632	0.007	0.512	0.518
1998	5	1.187	0.655	0.01	0.522	0.532
1998	6	0.642	0.091	0.008	0.544	0.551
1998	7	0.53	0.159	0.012	0.359	0.37
1998	8	0.544	0.295	0.008	0.241	0.248
1998	9	2.231	0.751	0.058	1.422	1.48
1998	10	2.582	0.6	0.029	1.953	1.982
1998	11	2.583	0.618	0.024	1.94	1.964
1998	12	1.697	0.497	0.024	1.175	1.2
1998	13	0.976	0.144	0.013	0.819	0.832
1998	14	0.926	0.3	0.021	0.604	0.626
1998	15	0.612	0.371	0.002	0.24	0.242
1998	16	0.601	0.285	0	0.316	0.316
1998	17	0.507	0.082	0.001	0.424	0.425
1998	18	1.812	0.312	0.006	1.494	1.5
1998	19	0.538	0.321	0	0.217	0.217
1998	20	2.359	0.385	0.007	1.968	1.975
1998	21	2.422	0.429	0.005	1.988	1.993
1998	22	0.465	0.141	0.003	0.321	0.324
1998	23	0.888	0.673	0	0.215	0.215
1998	24	0.46	0.147	0.001	0.312	0.313
1998	25	2.474	0.376	0.006	2.092	2.098
1998	26	2.874	0.365	0.011	2.499	2.509
1998	27	0.566	0.43	0	0.136	0.137
1998	28	0.892	0.286	0.003	0.603	0.606
1998	29	3.391	0.768	0.025	2.598	2.623
1998	30	3.461	0.778	0.029	2.654	2.683
1998	31	2.721	0.518	0.012	2.191	2.203
1998	32	2.941	0.429	0.009	2.503	2.512
1998	33	2.574	0.416	0.016	2.142	2.158
1998	34	0.47	0.078	0.009	0.383	0.392
1998	35	0.64	0.234	0	0.406	0.406
1998	36	0.533	0.106	0.003	0.425	0.427
1998	37	0.747	0.099	0.003	0.646	0.649
1998	38	0.684	0.268	0.002	0.414	0.416
1998	39	2.134	0.632	0.023	1.479	1.502
1998	40	0.633	0.369	0.009	0.254	0.263
1998	41	2.969	0.509	0.013	2.447	2.46
1998	42	3.578	0.214	0.002	3.362	3.364
1998	43	5	0.641	0.041	4.318	4.359
1998	44	1.278	0.75	0.017	0.511	0.528
1998	45	4.35	0.532	0.018	3.799	3.817
1998	46	2.337	0.425	0.011	1.901	1.912
1998	47	2.63	0.295	0.001	2.334	2.335
1998	48	4.532	0.616	0.031	3.885	3.916
1998	49	0.709	0.611	0.05	0.047	0.098
1998	50	2.292	1.054	0.047	1.191	1.238
1998	51	2.999	0.951	0.047	2.001	2.048
1998	52	2.786	1.005	0.043	1.738	1.781
1998	53	2.597	0.718	0.025	1.854	1.879
1998	54	0.825	0.428	0.01	0.387	0.397
1998	55	3.576	1.299	0.051	2.227	2.278
1998	56	3.402	1.358	0.095	1.95	2.045
1998	57	2.929	1.212	0.087	1.63	1.716
1998	58	0.689	0.298	0.034	0.358	0.391
1998	59	2.113	0.689	0.083	1.342	1.424
1998	60	1.839	0.783	0.076	0.979	1.055
1998	61	1.877	0.655	0.056	1.166	1.222
1998	62	1.524	0.67	0.022	0.832	0.854
1998	63	2.021	0.567	0.015	1.44	1.455
1998	64	2.069	0.737	0.025	1.307	1.332
1998	65	1.962	0.545	0.014	1.403	1.417
1998	66	2.559	0.617	0.027	1.915	1.942
1998	67	2.422	0.512	0.053	1.857	1.909
1998	68	2.778	1.051	0.123	1.603	1.726
1998	69	2.853	0.761	0.028	2.065	2.093
1998	70	2.199	0.318	0.006	1.875	1.881
1998	71	2.004	0.438	0.003	1.564	1.566
1998	72	1.721	0.726	0.007	0.987	0.995
1998	73	2.614	1.285	0.047	1.282	1.329
1998	74	2.162	0.957	0.03	1.176	1.206
1998	75	0.704	0.345	0.004	0.355	0.359
1998	76	0.57	0.267	0.002	0.301	0.303
1998	77	1.324	0.647	0.012	0.665	0.677
1998	78	3.302	0.69	0.045	2.568	2.613
1998	79	3.032	0.383	0.054	2.596	2.649
1998	80	1.134	0.338	0.028	0.768	0.797
1998	81	3.123	1.131	0.022	1.969	1.992
1998	82	3.375	1.044	0.024	2.307	2.331
1998	83	3.323	1.268	0.03	2.025	2.055
1998	84	2.077	1.084	0.028	0.965	0.993
1998	85	3.126	1.635	0.112	1.378	1.49
1998	86	3.574	1.743	0.141	1.69	1.831
1998	87	3.301	1.683	0.132	1.486	1.618
1998	88	3.738	1.851	0.191	1.695	1.887
1998	89	3.836	1.904	0.224	1.708	1.931
1998	90	2.135	1.702	0.184	0.249	0.433
1998	91	1.925	1.067	0.166	0.692	0.858
1998	92	2.422	2.145	0.225	0.052	0.277
1998	93	1.252	1.153	0.099	0	0.099
1998	94	0.953	0.634	0.052	0.267	0.319
1998	95	1.816	1.653	0.05	0.113	0.162
1998	96	1.945	1.873	0.072	0	0.072
1998	97	2.013	1.862	0.151	0	0.151
1998	98	2.044	1.85	0.194	0	0.194
1998	99	4.991	1.621	0.184	3.186	3.37
1998	100	1.442	0.347	0.039	1.056	1.095
1998	101	2.853	1.898	0.059	0.896	0.955
1998	102	2.028	1.952	0.076	0	0.076
1998	103	1.985	1.884	0.101	0	0.101
1998	104	1.188	0.413	0.034	0.741	0.775
1998	105	2.912	1.878	0.122	0.913	1.034
1998	106	1.829	1.701	0.128	0	0.128
1998	107	3.342	0.99	0.092	2.26	2.352
1998	108	1.873	0.592	0.028	1.253	1.281
1998	109	2.988	0.687	0.089	2.211	2.301
1998	110	7.681	1.982	0.086	5.613	5.699
1998	111	2.71	1.979	0.107	0.623	0.731
1998	112	0.567	0.549	0.018	0	0.018
1998	113	3.388	1.42	0.044	1.923	1.968
1998	114	2.527	1.946	0.1	0.481	0.581
1998	115	2.351	2.159	0.191	0	0.191
1998	116	2.564	2.338	0.226	0	0.226
1998	117	1.195	1.113	0.081	0	0.081
1998	118	3.104	1.944	0.075	1.085	1.16
1998	119	2.153	2.058	0.095	0	0.095
1998	120	1.065	0.971	0.095	0	0.095
1998	121	2.623	0.902	0.114	1.607	1.721
1998	122	2.655	2.044	0.13	0.482	0.612
1998	123	2.07	1.915	0.154	0	0.154
1998	124	2.224	1.777	0.124	0.323	0.447
1998	125	2.35	2.218	0.132	0	0.132
1998	126	2.489	2.33	0.159	0	0.159
1998	127	2.229	0.757	0.1	1.372	1.472
1998	128	5.373	1.458	0.08	3.835	3.915
1998	129	3.254	2.301	0.105	0.848	0.953
1998	130	1.501	0.817	0.037	0.647	0.684
1998	131	4.15	1.332	0.032	2.786	2.819
1998	132	3.29	0.894	0.027	2.368	2.396
1998	133	3.771	1.402	0.037	2.331	2.368
1998	134	2.8	1.564	0.11	1.126	1.236
1998	135	2.147	1.932	0.215	0	0.215
1998	136	2.71	2.482	0.228	0	0.228
1998	137	3.008	2.686	0.167	0.155	0.322
1998	138	2.981	2.694	0.287	0	0.287
1998	139	3.304	2.921	0.384	0	0.384
1998	140	3.083	2.759	0.324	0	0.324
1998	141	3.163	2.845	0.317	0	0.317
1998	142	2.813	2.469	0.241	0.103	0.344
1998	143	3.702	1.638	0.118	1.946	2.063
1998	144	5.04	2.013	0.059	2.968	3.027
1998	145	2.508	1.928	0.178	0.402	0.58
1998	146	3.135	2.185	0.176	0.774	0.95
1998	147	4.309	2.012	0.104	2.193	2.297
1998	148	2.029	1.921	0.108	0	0.108
1998	149	2.731	2.568	0.163	0	0.163
1998	150	2.782	2.606	0.176	0	0.176
1998	151	3.177	2.95	0.227	0	0.227
1998	152	3.54	3.111	0.428	0	0.428
1998	153	3.123	2.622	0.501	0	0.501
1998	154	3.442	2.623	0.554	0.266	0.819
1998	155	3.88	0.939	0.085	2.855	2.94
1998	156	3.139	0.621	0.03	2.488	2.518
1998	157	1.406	0.427	0.022	0.957	0.979
1998	158	5.27	2.876	0.154	2.239	2.394
1998	159	3.126	2.947	0.179	0	0.179
1998	160	1.034	0.965	0.057	0.012	0.069
1998	161	2.75	1.665	0.083	1.001	1.084
1998	162	2.299	2.166	0.133	0	0.133
1998	163	3.075	2.854	0.221	0	0.221
1998	164	3.364	2.912	0.285	0.167	0.453
1998	165	3.592	3.305	0.286	0.001	0.287
1998	166	7.446	2.034	0.104	5.308	5.412
1998	167	8.788	3.298	0.41	5.08	5.49
1998	168	4.678	3.308	0.318	1.051	1.369
1998	169	3.763	3.404	0.359	0	0.359
1998	170	2.361	1.975	0.386	0	0.386
1998	171	4.043	3.51	0.534	0	0.534
1998	172	3.785	3.214	0.571	0	0.571
1998	173	4.433	2.952	0.765	0.715	1.48
1998	174	4.106	2.713	0.834	0.558	1.393
1998	175	3.847	3.132	0.715	0	0.715
1998	176	3.751	2.996	0.755	0	0.755
1998	177	3.96	3.129	0.831	0	0.831
1998	178	4.132	3.2	0.932	0	0.932
1998	179	3.781	2.974	0.807	0	0.807
1998	180	3.409	2.474	0.815	0.12	0.935
1998	181	3.597	2.42	0.564	0.613	1.177
1998	182	5.238	2.689	0.25	2.299	2.549
1998	183	3.328	2.929	0.399	0	0.399
1998	184	3.128	2.488	0.64	0	0.64
1998	185	3.085	2.389	0.696	0	0.696
1998	186	3.087	2.37	0.716	0	0.716
1998	187	3.393	2.537	0.516	0.34	0.856
1998	188	2.971	2.425	0.546	0	0.546
1998	189	2.738	1.935	0.803	0	0.803
1998	190	2.979	2.065	0.914	0	0.914
1998	191	2.785	2.013	0.772	0	0.772
1998	192	2.719	2.194	0.525	0	0.525
1998	193	2.295	1.725	0.57	0	0.57
1998	194	2.498	1.998	0.5	0	0.5
1998	195	2.506	2.079	0.427	0	0.427
1998	196	2.422	1.909	0.513	0	0.513
1998	197	2.242	1.364	0.878	0	0.878
1998	198	2.448	1.572	0.876	0	0.876
1998	199	2.625	2.092	0.533	0	0.533
1998	200	2.533	1.78	0.753	0	0.753
1998	201	2.528	1.784	0.744	0	0.744
1998	202	2.597	1.822	0.775	0	0.775
1998	203	2.634	1.747	0.887	0	0.887
1998	204	4.237	1.4	0.816	2.021	2.837
1998	205	2.093	1.398	0.626	0.07	0.696
1998	206	3.818	1.094	0.508	2.216	2.724
1998	207	3.261	1.346	0.321	1.593	1.914
1998	208	0.963	0.537	0.243	0.184	0.426
1998	209	1.813	1.148	0.294	0.37	0.665
1998	210	1.797	1.273	0.524	0	0.524
1998	211	4.511	0.947	0.355	3.209	3.564
1998	212	3.438	0.898	0.177	2.363	2.54
1998	213	3.534	1.561	0.343	1.63	1.973
1998	214	1.719	1.437	0.282	0	0.282
1998	215	1.836	1.474	0.362	0	0.362
1998	216	1.809	1.434	0.376	0	0.376
1998	217	1.72	1.341	0.379	0	0.379
1998	218	1.641	1.283	0.358	0	0.358
1998	219	1.252	0.953	0.298	0	0.298
1998	220	1.743	1.085	0.429	0.23	0.659
1998	221	1.349	0.934	0.352	0.063	0.416
1998	222	3.72	0.692	0.107	2.921	3.028
1998	223	4.844	1.825	0.295	2.724	3.019
1998	224	2.401	2.016	0.385	0	0.385
1998	225	2.569	2.232	0.338	0	0.338
1998	226	2.456	2.13	0.326	0	0.326
1998	227	2.043	1.805	0.238	0	0.238
1998	228	1.575	1.365	0.206	0.004	0.21
1998	229	2.753	1.985	0.271	0.496	0.767
1998	230	2.592	2.163	0.429	0	0.429
1998	231	2.268	1.93	0.338	0	0.338
1998	232	1.959	1.7	0.26	0	0.26
1998	233	1.814	1.511	0.303	0	0.303
1998	234	1.917	1.496	0.421	0	0.421
1998	235	1.743	1.213	0.457	0.073	0.53
1998	236	2.091	1.392	0.554	0.145	0.699
1998	237	1.818	1.279	0.539	0	0.539
1998	238	1.58	1.207	0.373	0	0.373
1998	239	1.67	1.157	0.383	0.13	0.513
1998	240	1.867	1.305	0.496	0.065	0.561
1998	241	1.709	1.051	0.658	0	0.658
1998	242	3.074	1.341	0.429	1.303	1.733
1998	243	1.609	1.183	0.426	0	0.426
1998	244	1.631	1.251	0.38	0	0.38
1998	245	1.545	1.105	0.441	0	0.441
1998	246	0.749	0.52	0.185	0.045	0.229
1998	247	6.457	2.019	0.342	4.096	4.438
1998	248	8.001	2.268	0.371	5.361	5.732
1998	249	6.642	1.954	0.368	4.32	4.688
1998	250	4.431	2.239	0.555	1.637	2.192
1998	251	2.455	0.596	0.194	1.665	1.859
1998	252	3.569	2.073	0.213	1.284	1.497
1998	253	2.423	2.217	0.206	0	0.206
1998	254	2.423	2.183	0.24	0	0.24
1998	255	2.678	2.322	0.357	0	0.357
1998	256	2.654	2.305	0.349	0	0.349
1998	257	2.261	1.986	0.275	0	0.275
1998	258	1.965	1.761	0.204	0	0.204
1998	259	2.053	1.843	0.211	0	0.211
1998	260	1.956	1.716	0.24	0	0.24
1998	261	1.86	1.634	0.226	0	0.226
1998	262	1.65	1.345	0.305	0	0.305
1998	263	1.909	1.506	0.403	0	0.403
1998	264	1.52	0.984	0.536	0	0.536
1998	265	2.148	1.491	0.598	0.059	0.657
1998	266	2.051	1.655	0.396	0	0.396
1998	267	1.844	1.543	0.302	0	0.302
1998	268	1.896	1.509	0.386	0	0.386
1998	269	2.024	1.49	0.534	0	0.534
1998	270	1.966	1.443	0.523	0	0.523
1998	271	2.069	1.338	0.73	0	0.73
1998	272	1.553	0.949	0.603	0	0.603
1998	273	3.298	1.123	0.628	1.547	2.175
1998	274	1.805	1.315	0.49	0	0.49
1998	275	1.52	1.331	0.189	0	0.189
1998	276	1.462	1.182	0.28	0	0.28
1998	277	0.942	0.126	0.335	0.481	0.816
1998	278	0.609	0.218	0.221	0.17	0.391
1998	279	0.495	0.307	0.188	0	0.188
1998	280	1.186	0.979	0.207	0	0.207
1998	281	1.582	0.377	0.145	1.061	1.205
1998	282	2.46	1.11	0.118	1.233	1.351
1998	283	1.333	1.237	0.096	0	0.096
1998	284	1.203	1.109	0.094	0	0.094
1998	285	1.168	1.079	0.089	0	0.089
1998	286	1.153	1.054	0.099	0	0.099
1998	287	1.443	1.304	0.138	0	0.138
1998	288	1.314	1.212	0.102	0	0.102
1998	289	1.132	1.044	0.088	0	0.088
1998	290	1.03	0.94	0.09	0	0.09
1998	291	1.161	1.044	0.116	0	0.116
1998	292	1.149	0.973	0.176	0	0.176
1998	293	1.973	1.117	0.205	0.652	0.857
1998	294	1.05	0.95	0.1	0	0.1
1998	295	1.046	0.99	0.056	0	0.056
1998	296	0.905	0.851	0.053	0	0.053
1998	297	1.034	0.946	0.088	0	0.088
1998	298	1.208	1.074	0.134	0	0.134
1998	299	1.065	0.932	0.133	0	0.133
1998	300	0.883	0.76	0.123	0	0.123
1998	301	0.95	0.77	0.18	0	0.18
1998	302	1.084	0.887	0.197	0	0.197
1998	303	0.964	0.787	0.177	0	0.177
1998	304	0.978	0.791	0.186	0	0.186
1998	305	0.918	0.789	0.129	0	0.129
1998	306	0.65	0.532	0.117	0	0.117
1998	307	0.643	0.361	0.066	0.215	0.282
1998	308	0.664	0.068	0.015	0.581	0.596
1998	309	2.937	0.515	0.029	2.393	2.422
1998	310	2.114	0.552	0.021	1.541	1.562
1998	311	2.254	0.533	0.014	1.707	1.722
1998	312	0.969	0.397	0.017	0.555	0.572
1998	313	1.604	0.65	0.042	0.912	0.954
1998	314	1.096	0.544	0.073	0.479	0.552
1998	315	0.954	0.536	0.062	0.356	0.418
1998	316	1.606	0.941	0.072	0.593	0.665
1998	317	0.552	0.325	0.02	0.207	0.228
1998	318	0.504	0.068	0.006	0.43	0.437
1998	319	2.569	0.785	0.051	1.732	1.783
1998	320	1.223	0.587	0.034	0.602	0.636
1998	321	2.592	0.933	0.12	1.539	1.659
1998	322	1.034	0.706	0.05	0.278	0.328
1998	323	0.424	0.396	0.028	0	0.028
1998	324	0.58	0.518	0.062	0	0.062
1998	325	1.062	0.995	0.067	0	0.067
1998	326	0.781	0.758	0.023	0	0.023
1998	327	0.93	0.882	0.048	0	0.048
1998	328	1.064	0.935	0.112	0.017	0.13
1998	329	0.933	0.857	0.075	0	0.075
1998	330	2.018	1.098	0.116	0.803	0.919
1998	331	1.275	1.101	0.114	0.061	0.174
1998	332	1.101	0.995	0.106	0	0.106
1998	333	1.095	0.976	0.119	0	0.119
1998	334	0.907	0.823	0.084	0	0.084
1998	335	1.073	0.954	0.118	0	0.118
1998	336	0.964	0.869	0.095	0	0.095
1998	337	1.028	0.91	0.118	0	0.118
1998	338	0.973	0.838	0.135	0	0.135
1998	339	0.756	0.634	0.122	0	0.122
1998	340	0.888	0.707	0.18	0	0.18
1998	341	0.942	0.753	0.189	0	0.189
1998	342	0.697	0.528	0.168	0	0.168
1998	343	1.325	0.311	0.088	0.927	1.015
1998	344	1.323	0.377	0.025	0.922	0.946
1998	345	0.812	0.616	0.051	0.146	0.197
1998	346	0.285	0.253	0.032	0	0.033
1998	347	0.486	0.353	0.005	0.128	0.133
1998	348	2.098	0.368	0.026	1.704	1.73
1998	349	1.163	0.2	0.01	0.953	0.963
1998	350	2.594	0.835	0.04	1.719	1.759
1998	351	0.686	0.263	0.012	0.411	0.423
1998	352	1.958	0.363	0.01	1.585	1.595
1998	353	1.268	0.281	0.01	0.977	0.987
1998	354	1.348	0.206	0.012	1.13	1.142
1998	355	1.374	0.208	0.019	1.147	1.166
1998	356	1.409	0.51	0.062	0.837	0.899
1998	357	0.387	0.086	0.003	0.297	0.301
1998	358	0.368	0.258	0	0.11	0.111
1998	359	0.948	0.171	0.001	0.777	0.777
1998	360	0.69	0.102	0	0.587	0.588
1998	361	1.837	0.319	0.002	1.516	1.518
1998	362	1.477	0.205	0.009	1.264	1.273
1998	363	0.398	0.152	0.001	0.245	0.246
1998	364	1.805	0.314	0.006	1.484	1.491
1998	365	1.529	0.424	0.002	1.103	1.105