2.17960186999
3.14619619833
3.72737349071
3.87134865637
3.90490860717
2.88308200003
2.55841501665
2.27306628415
3.73476967404
3.41449836319
3.41440959525
3.28293274529
3.06405544992
2.33869657923
1.75513906406
2.09971938719
2.23491183618
2.79402734795
1.72098435278
2.86565881995
2.78137895862
2.00795523099
1.88557350167
2.17221645366
2.93917739802
3.27278122936
1.74678064912
2.4140947139
4.04463628354
3.87457182966
3.20160314151
3.28297082386
3.39083777661
2.41321774661
2.32067406337
2.38277312316
2.61399618566
2.22272198659
3.26886038076
1.72157079802
3.64364991474
3.79913342354
4.86580030889
2.31306123982
3.69201511272
3.21604160958
3.26778059362
5.64551083796
1.21661599049
3.95403476069
4.59219778719
4.19338659413
4.02740606591
2.46900827747
4.59987348174
4.95431224827
4.64674078601
3.12654903569
4.98927966239
4.50303176364
4.35788355
3.42311829658
3.87101918451
4.14745974746
4.09612130582
5.08414134878
5.21607766605
5.20022741127
3.79940860864
3.15839428737
2.88263678884
3.54986548809
5.30669729592
4.78958078865
3.22881758885
2.66792487132
3.25334080561
5.76708216023
6.08560130502
3.66498753397
4.4819025836
4.56515029707
5.25831595392
4.90217402951
5.7690468173
6.54008421328
6.45915832259
6.28920628888
6.29234679394
6.51289770865
5.32457470593
6.40831106394
4.78820301001
3.38935981833
5.58160792166
6.06654711799
6.19173904068
6.63830373924
6.22673409624
4.30391939425
5.54165921485
6.23580151097
6.5268462957
3.16148557738
7.07055674544
6.54264698839
5.35787994443
3.93153154834
4.92881153037
6.64994496667
6.48188188799
4.16847770403
6.1769659665
6.786142153
6.95431952024
6.89600490258
5.39085797665
6.13332190621
6.53955475425
5.64706500853
6.0696193047
6.73212341777
6.78005947477
6.93914083357
7.09919061124
7.10900689205
5.25184852858
7.33874951789
7.63777383622
6.27250961527
6.43432830279
6.0154633874
6.15877048058
7.3461028905
7.02612166038
7.076445632
7.24413443344
7.02240774709
6.61693725157
6.65109029979
6.86447924892
6.7384478591
5.83161819568
6.68581837272
7.51229074558
7.51394471805
7.64201299783
7.35292105318
7.90973575497
7.50437973403
7.54225666688
7.19860755019
7.52349994668
7.03328100285
6.85702441665
6.41969858522
5.3349444199
6.94972926932
7.27215558982
5.58149844317
7.28993133877
7.71308322037
7.43812926541
7.56189380834
7.16671150076
7.55017193854
6.94000937478
7.17023841124
6.78387916594
6.76029283265
6.87413219027
6.80883394602
7.11023385728
7.27608860064
7.09301022817
7.02200117192
6.46297536652
6.18300124248
6.57461100837
6.77935701223
6.7985272081
6.67669369406
6.38254846793
6.83512270233
6.68311634343
7.10269643538
6.96985767053
6.79528726541
6.18829589935
6.62532264681
6.77393778772
6.51640331662
6.53013195784
6.47671131917
6.60090657601
6.46766018788
6.43864865855
6.52005217372
5.92851616414
5.85337052275
5.84761084154
5.94876750511
5.71835212755
6.32067015015
6.31508706007
6.79172121208
6.32895141966
5.07926973125
6.38142976713
5.80566401771
6.21400818766
6.11117627874
6.21776278299
6.41157800558
6.24845727407
6.02307165651
6.0602446085
6.13288145408
5.63242441703
5.91742677801
6.15742367029
5.63734988186
6.03847937412
5.78200161106
5.72873798179
5.67218953738
5.63387997164
5.9644410867
5.93232056083
5.35385963344
5.80635130315
5.97668307367
5.78866565532
5.31395740296
5.11388813948
5.1209931456
4.96860013601
5.00827640691
4.64411928142
4.70748903967
4.51587793517
5.16139480357
5.00401104061
5.02064846821
4.74933782483
3.83327539647
5.39294055753
5.52338453858
5.50609419468
5.16628466798
5.06398698451
5.51959655522
5.54968527881
5.45997614376
5.0902150832
5.03243830105
5.50813057097
5.51763427378
5.44389001498
5.28385988826
5.33711683333
5.24087679082
5.2993594732
4.88049239652
5.47598060221
5.26711562697
5.17797584261
5.08620791874
4.69782618295
4.68937441059
4.70272358837
4.66349948573
5.04163521977
4.90729017164
4.86837899093
4.98793505829
4.00446514449
3.62541626826
3.28973745615
4.62328894427
4.31624522373
4.9772630687
4.86549711949
4.92945034566
4.81219353514
4.76317400426
4.63137734989
4.57530992126
4.54164355094
4.56596053411
4.64670944475
4.47333789274
4.58036495793
3.73564750448
3.53670438981
3.83138794268
4.03846732073
4.23034390027
4.15673718672
4.07405829636
4.08137144004
4.34654846521
3.96370023258
4.24613350648
4.01967801263
3.72549276867
2.24772135518
2.55598478977
3.03266195305
2.78981498231
2.94188754482
2.58085823853
3.725985905
3.82293448604
3.49132978381
3.51862361926
2.5820229133
2.54591911064
4.03256050854
3.4615452555
4.18628163218
3.4586003136
3.43654741673
3.66736255554
3.18267810733
3.03561932406
3.60518609574
3.96351044165
3.5297097794
3.14710283073
3.25825262641
3.38124673018
3.68542660277
3.72385880968
3.87825953284
3.49392307509
3.76065896738
3.74161610968
3.54461630767
3.93669399686
3.94702580341
3.57037489581
2.48399132658
2.58121863323
2.48798284548
1.69973564074
1.57644859684
2.47472554876
2.1972094265
2.8091748962
1.69739235044
2.44144687778
2.35507234117
2.95051946793
2.88544292696
2.4552577661
1.08231569442
1.43640816765
1.59951911632
1.6019640592
2.19849381393
2.58556123869
1.70525192037
2.13578149086
1.96232122313
2.16320150742
1.22690299309
2.0371144144
1.66386055777
1.44875329305
1.83453888928
2.76743503809
1.78299816672
2.35828900246
1.87470937867
2.49148985711
3.29392335101
3.15934940946
3.06585356227
2.89159102295
3.01143159835
2.87512950526
3.19527521726
3.33933654221
3.29543573696
3.27619719322
2.94656441299
3.60856958433
2.55167334768
3.41604548576
3.0300155633
3.3840665598
4.07001645118
4.00766260347
2.96471208464
2.1196174991
1.64812022997
2.50375139988
3.74009749141
3.72355406066
3.60300233232
3.74279647798
3.77696163031
4.03058455951
3.30163778851
4.28709862062
3.89650271875
4.04115024385
2.49439529215
2.4090394863
3.43818180394
3.83026333693
3.8781732843
2.63375198534
2.38477852713
3.19040873473
2.58918342155
2.29318665596
1.81864688647
2.44214794699
2.07820044695
3.4139757403
3.65174007962
2.69745253004
3.37981497219
4.19145226002
4.11517457473
3.20763105593
3.39637051944
4.47849832911
3.18240039682
2.71384611356
1.62426239727
2.64831210581
3.47475187868
3.81448010796
2.69962423813
0.859399139862
2.76548614455
4.39366913373
4.95434366659
5.21368169838
4.47366163816
4.49198134352
3.35674162556
4.18588815993
4.4446306538
4.32654017006
4.30427276545
3.81788095472
4.18689614006
4.92866004964
5.24752643369
5.12105307164
4.86713977554
3.82784235939
5.67310421763
5.30022285413
5.51846725413
5.05897631951
3.74931874867
5.7638882447
5.5600040185
5.88784567204
6.01417211888
4.56923303633
5.73474270337
5.05863932515
5.35597579857
3.80308150489
5.6712185842
4.8723517375
4.85398736366
5.31059024539
5.77438124051
5.71597444742
5.75719965471
5.63711021724
5.49225570838
5.6369173476
4.90553105315
6.1026330078
2.25951633095
2.38546927924
4.15360087161
5.26559508341
5.65253360611
5.94060838014
6.14372962635
5.39807370787
6.18961361848
6.20623089055
6.15188888944
6.15581109133
6.26173173922
6.40912067152
6.4285040127
6.08168505756
3.02940296462
6.07592149105
6.25152568503
6.07240204445
6.41855680175
6.07824985885
6.21020689705
6.04715951601
6.26092609061
6.24933403575
6.05610973111
5.93565893137
5.84309904126
6.33512613802
6.06213406171
5.937729634
6.05837439666
6.13519365043
6.28755642832
6.28633277477
6.07921076965
6.20892538619
6.21520785573
6.12632483652
5.88294946451
5.46264218502
5.48342745305
5.71866889582
5.19484090043
6.26574800263
5.9035369374
5.88719879715
4.94708953239
3.72211047267
5.44702582849
6.38574150421
6.18611193337
3.55612826058
4.84977631894
4.91280667215
6.34945657621
6.32186278197
5.56986457569
5.99728921132
6.37546080687
6.43872052957
6.2731580636
5.0372713802
6.14798937577
6.34470175233
6.28637999129
6.01535554528
5.57888726882
5.70154469605
5.8816412224
5.86428954952
5.44279155358
5.7065757524
4.08780137209
3.16382246276
3.51268161041
4.66727352878
6.04188077167
6.16278144273
6.03035017629
5.69985186438
5.60608005198
5.44916113089
6.10496391332
5.806106743
5.28666617749
5.97842768898
5.672992547
5.11657169171
5.4176294597
5.19216496474
5.55380198547
4.89433074638
4.45258979421
4.75632732886
5.10139073775
5.08685550293
5.14782140439
4.82546716543
4.79106708518
4.41191705667
4.67083815131
5.54636889581
5.43757213292
4.60313729659
4.68902749908
4.85734490591
5.07114854659
5.56322149698
5.5018115397
5.03360834934
4.85727814636
4.9588853987
5.05627725496
5.36713956281
5.40709197656
5.39473747358
5.09470452902
5.32608600612
5.49478685296
5.45276130342
5.10567232873
5.07453651439
5.01514043247
4.96521592501
4.83036961416
4.82387909072
4.83076210932
4.5101411581
2.2838449647
4.86702961186
5.44828821097
5.34112657303
5.09563894406
5.03586022766
4.96110051268
5.11950978539
5.17498422031
4.28565016309
1.86727313738
4.72074078705
4.89203553037
4.87833482217
4.91430547093
5.0005380012
4.36934614345
4.49832074816
4.48117664415
4.66538863151
4.65862778734
4.97309478874
3.33097461145
2.12861836387
2.8448057302
4.50934185352
4.44519980326
4.59472293457
4.85530803088
3.85649980946
4.26989960334
4.2283955122
4.38730931518
4.26188954212
4.22519234257
3.23486629689
4.02753345383
4.19889403822
2.15838594339
4.30718085703
4.05346484031
4.34149275256
1.568122734
4.36224409411
3.30878128017
1.76915753018
3.8221244204
3.80611764655
3.40410543202
3.15092735216
3.30678483658
3.60713952746
3.90666005244
3.59194240992
3.68797122878
3.82776805977
4.14046567285
3.95247531007
3.87109297564
2.88289622651
3.12955867828
3.36545430159
3.68774081194
3.71931798562
3.30324911516
3.70938758697
3.82099366939
3.02771535499
3.01601422508
3.57644047741
3.65876318521
3.18935016903
2.82964735596
2.62499918274
2.86982826029
3.20040971728
3.49876644537
3.51074964987
3.58576371363
3.61462384898
2.55831397675
2.71946510619
1.28904072338
3.1691902419
3.21168459226
2.6981032239
2.05183111536
1.89582046882
2.45423320166
2.91041576858
3.31592673081
3.20246958248
2.70843896331
2.45938856513
2.63819783856
2.88084157592
2.40997504221
2.64080221685
2.07299583696
1.66732730773
3.58418150487
2.85404712208
2.56538625467
2.49061489669
2.51189612148
1.67409659077
1.50513277194
1.3058837613
1.32553133149
2.03902145509
1.61600635242
1.55580513154
2.15372725316
2.25540241338
2.00778959665
2.28697848776
2.69111279097
3.08924162074
2.8383294373
2.8478761874
2.88655479225
1.62113943025
2.21277389218
2.14355475758
2.74699261845
2.27650866831
1.1195498783
2.74673634159
3.1507229844
2.80440757749
3.07604359223
1.89242539435
1.91043468934
2.94860122387
2.1342077378
0.378122563348
1.53500187272
1.96169104222
1.62000831842
1.51314183196
1.13987208971
1.36547308866
1.56174348551
1.6539635842
1.58081695804
1.81226496053
1.79190268744
0.741828005355
1.93964150763
1.98217507512
2.14589047899
2.58987803602
2.71057735047
2.55805990742
2.76853738817
3.24883613865
2.72907095284
2.73274466145
3.40056824105
3.5739890315
0.713505841288
1.0789266599
3.07736856662
3.16089558709
3.4611017927
3.04343085104
1.44927712442
3.30132836533
2.93647396431
2.87584660837
2.93512623486
3.28847316591
3.76016091879
3.98621622893
3.75819709512
3.45019297092
3.68061923783
3.61267438649
3.82453922221
3.60251681938
3.53345026983
2.7010514715
3.73149759047
3.99049059893
3.93474989293
4.15667836015
4.11142692485
4.22223263291
4.18234418358
3.51716271292
3.13281340687
3.57359615288
4.02112297382
2.88033404374
4.59900317603
3.06078378599
3.05822129333
1.45847368587
3.09498631806
3.19739496415
4.32802579061
4.66564034473
5.27117705082
5.27032766575
3.3348235347
4.55347158685
4.52820409694
3.60292756645
4.94294230491
4.93457555237
3.66398629394
4.8986381256
3.91653016109
4.46112988202
5.13276347259
5.361686617
4.31682180214
4.4396417409
5.20798785107
5.40327063773
5.25219157904
1.63289168716
2.52908158295
3.4237974172
5.78518266968
5.53891851064
2.60065717748
5.60399702247
5.73930314581
5.61823069023
4.80993771765
5.41597385374
4.67389786495
2.21120603111
4.19700373912
4.99745881068
1.51744285971
5.30401845682
5.82935914615
5.81131703882
5.28620326208
6.1000659168
6.06113221764
5.98702154756
5.8596834369
5.78216167934
5.8679326169
5.95821406756
5.85672792971
5.80148126532
5.82200909648
5.73526158487
6.0089454201
5.91977441931
5.93542604318
5.91969463701
6.01199386173
5.77649874054
5.98918144093
5.38711299435
6.46603325802
5.61062912812
6.153917979
6.08392468253
6.05515022743
6.12699089131
5.0434774718
4.41412714293
5.6858246821
6.18266601226
6.02334425228
5.74986237053
6.07459140768
5.58667305944
3.55742733593
6.31262725376
6.22456481422
6.22331457143
6.08961339974
6.03966028893
6.02416292631
5.82346381755
5.64441778606
6.09879823716
6.44533176157
6.51062301273
6.2134212231
6.22029966671
6.18609638802
4.61436384165
6.25881738426
5.98330876561
5.93876768741
6.21936769057
6.13109627286
6.24223783184
6.12000041572
5.52156747773
5.11847356745
6.12480175214
6.20137233151
6.2882748458
5.9590543227
5.84149947448
6.15239861554
6.48589804495
6.516720305
6.06061112764
6.06112257212
5.80565137358
5.9355462141
5.42037744507
5.18045690913
6.25226579517
6.18127730147
6.15363680959
5.98586816053
5.79793688375
5.85631521136
5.94886653393
5.69284617354
5.61726358026
4.67444923394
3.90456680183
3.36651270732
5.21725398557
6.43442460684
6.2781796037
6.45331400493
6.57746642745
6.2910418298
6.30409353832
6.37959734112
5.84900433612
5.92289800205
5.95051487531
5.887664038
5.67778519583
5.80568932716
5.722726778
5.85996837652
5.72472984544
5.75713000361
5.17749212105
5.6335286125
5.46124894087
5.37198231038
5.53319387559
5.51082639048
5.66539396504
5.29033125019
5.54760443566
5.51855498993
5.35617324775
5.24323413498
5.649014735
5.68383147585
4.85495729024
5.54533828217
5.13032440616
4.04875502167
5.26390327139
5.54394199831
4.98974879577
4.55403902158
2.90776200204
2.09435370308
4.24474448421
4.96460754677
5.39054353282
5.44136931451
5.17952768801
5.34299535793
5.14346464757
5.23256226895
4.69730856703
5.24717196796
4.57103126463
4.36562548953
2.34474299819
4.90185051236
5.13769910675
4.82742770728
3.41206163174
3.71842513912
5.23620376317
2.41507722731
3.68609344424
4.68813881267
4.6492176587
4.51263000926
4.64712126554
4.39856880769
4.87058611665
4.78865118024
4.83394218706
4.81144854431
4.70867499286
4.40653397304
2.4637635951
3.23175342288
3.70517649373
4.06285713376
4.23682752964
4.21832433728
4.24258873931
4.22035466699
4.33312939427
4.38895088779
4.13338121695
4.27146744283
4.02790206267
4.02025004044
4.30430649488
4.04900274383
3.63015916896
4.21909280018
4.03710868121
4.26239768837
4.0577996164
3.54928426088
3.48756257811
3.61093395054
3.60129661239
3.60872256425
3.62076443733
3.2679044425
3.77327268842
3.37214097934
1.97115702318
3.50084581158
2.37050038251
4.04216305715
3.43607534924
3.28393703084
3.23273468548
3.02327734727
2.67019035838
2.04291084059
2.37742051766
1.94670228554
0.623063181926
1.77045535716
2.00550004584
2.02038628182
2.36837962136
2.03738641248
0.833269639849
1.89358826138
3.02599638711
2.99975495634
2.70807367068
2.57473107122
2.43395367459
1.3865798745
1.64542890388
2.14587862432
2.45058497091
1.94234457917
2.51221289
2.91786585321
2.43944153044
1.14843024257
1.47901579418
2.8316981722
1.85158279282
1.30147629857
2.42919455484
1.44131270942
2.23535702157
1.83162717427
0.996148826751
1.53569228407
1.79135917572
1.96155084462
1.54061628513
2.13253202773
1.59625878851
1.47415599152
1.79794145926
1.76249933422
1.79669266495
1.55816201805
1.75081802332
1.8914440262
1.85130193892
1.72299223318
2.09717551012
2.01115967223
2.57018570961
2.71602033511
1.82635723696
2.02289203761
2.57660669693
3.02014880055
2.30130712988
2.72798265108
1.72486131883
3.14246980999
2.87907937464
2.28809158196
1.18826741335
1.98442098724
1.06383940658
2.14389365067
2.24039716406
2.37871007257
2.87090484355
2.33090622964
2.28254660453
3.16969844512
2.78733531664
2.93627072537
3.8256864748
3.87789746787
2.60848216983
2.6858383693
2.34674355071
2.09880659231
3.09745023919
3.15659320564
3.64808089787
3.5868783715
3.96461769958
4.16772573573
2.71854872422
1.0869060613
3.04830427971
1.73857917775
2.81822235487
3.13264381972
3.35686512621
2.36143743811
2.96847596905
4.04954292312
3.25817994581
1.16956002264
3.0566162231
3.5921613718
1.74153750036
4.60434975161
3.90395812006
3.30670224638
3.6624283804
3.86627621039
2.13317984911
1.75700140052
3.45100226824
2.44208190788
3.14522106061
3.61353211125
3.95554475688
3.3901198175
4.16014066051
3.96225209504
5.00533476616
4.80622609541
1.44947639831
1.91919162938
4.47364519817
3.91956415678
4.04129332334
2.11892237273
2.50525403934
4.70098025152
4.70797202619
4.90439792187
3.93788502734
3.63473718221
3.24103420225
3.84976382984
1.72142177085
5.04649394537
5.05783002154
2.08918823487
4.6827658262
3.87385771725
3.68156217578
5.00188149818
5.45641788833
5.51425193188
5.68136058346
5.3876290406
5.37326353679
5.1712941891
5.72937487667
5.63322268804
5.677078715
4.94374066432
5.63889884771
3.51835501594
4.11653005113
4.98477927924
5.09087921401
5.77363893227
6.00234791418
6.11702050109
6.13466265797
4.01402861434
5.34481966062
5.68637797887
6.05273663888
5.5918414529
5.81326183298
6.14968249452
6.13693045466
6.09127622406
5.99120700339
5.99934246243
5.76572418712
6.17826143719
5.77621199717
6.24657213124
6.15335595075
6.0678204757
6.24526364405
6.23675999678
5.95843736925
5.20740387553
3.935215964
3.4010969728
6.26455116141
6.03132857154
5.9651129726
5.60864441958
6.07659094804
6.38597465518
6.27944055788
6.11844218611
6.09725235094
6.31515034691
4.80009188063
6.47123128531
6.36899161284
6.23793879436
3.76793973993
6.6956203168
6.42914429271
6.48126874201
6.38407695464
6.58514770773
6.12900427612
6.18697717022
6.48835550219
6.32396101712
6.41106877808
6.36618652065
6.37277723711
4.87156655404
6.58369095843
6.61683114075
6.02899865207
6.12856859
6.3353794038
6.35675920917
6.47723760453
6.71707011452
6.63358845919
6.57942250369
6.47531618088
6.57997072796
6.73411596569
6.32359209107
6.45048708951
6.46424043739
6.47877493761
6.50945300386
5.99731977083
6.49740878071
6.7364704204
6.30580036056
6.44555715192
5.57423754006
6.48584041688
6.3766939078
6.27899552388
5.98955814502
5.69438910274
5.97775034697
5.98289881872
5.68403165555
5.8523282827
5.60723712859
6.02810365129
6.08750444446
6.03771953651
5.97923936868
6.1866351696
6.36223131844
6.17437035187
5.64373390865
4.40669524333
4.77944907832
4.63899458107
5.42248796912
6.28695129735
5.93545233584
6.27694504393
5.95102015814
5.82002772029
5.93369118453
6.02450681582
5.71892195272
5.65103729686
5.46646057955
5.67727057513
6.52224477393
6.16469209948
5.68909633969
5.96550263968
5.813305209
6.08320373826
5.79145102263
4.67302108082
5.90276166578
5.84614180183
5.58273726681
5.57572201649
5.44153244624
5.65135852928
5.59298091445
5.69248192451
5.57237583019
5.38117227822
5.67279125487
4.90825676319
5.74935796078
4.17208935197
5.55794142438
4.8982351586
5.25384837895
5.61485008643
5.52930972104
5.603222702
5.55068613255
5.18860378593
5.51344123585
5.23984991415
5.24590436868
5.17305129866
4.50735769191
4.88542856806
4.95183542346
4.85030105648
4.74903438915
4.8873342713
5.07281534403
5.47822860126
5.01502804636
5.22776293504
3.06889883686
4.74305690233
4.42506508082
4.62620001276
4.53374098084
4.39275850268
4.43793775966
4.36098960816
4.67400595649
4.6292541255
4.65223458813
4.67664473472
2.07193009849
4.07335738478
3.90911019236
3.88593947915
4.33368385259
4.53603012826
4.29754019659
4.57294365665
3.25393405633
4.40795226394
4.27014388106
3.82190985938
3.65824645616
3.85847335432
4.31504696691
4.32163247972
4.43060263619
4.36163001894
4.36171202138
4.30938951172
3.84666508318
2.73102752304
3.08795038062
3.30284846254
3.72930778088
3.72761894769
3.83161742013
3.9945422354
4.08457661978
3.95708419308
3.73500089523
3.26119186059
3.75993512199
3.55599638192
3.86006310835
3.50456182243
3.78865959452
3.13168712999
3.03653512652
3.4088564838
3.43650605293
3.55524470121
3.76952317165
3.37834424545
3.19347023135
2.80886182
2.65808998799
3.03550771653
2.74548841607
2.17347814064
2.07448332824
3.30053591929
3.40309056928
3.69719683417
3.24087872995
2.06348631948
3.59121024658
3.25942653366
3.00113948993
3.1025829033
3.27027615175
3.60479590863
3.62903916499
3.52930227985
2.84091130991
1.30502515291
1.49615489777
1.31642580091
1.66282315413
2.64210301579
3.25453666958
2.68294842033
2.85830327278
3.30837921751
2.75295040192
2.55621751071
2.56137634264
2.26475513387
2.17665560799
2.6923937488
2.08862329822
2.18796794547
2.0132202073
2.20835037882
2.64598696737
1.94596950967
1.89349129297
1.81327728853
1.31040107181
1.29316952377
1.80174484563
2.16983697807
0.793916769031
2.19998834158
2.00957477484
2.4869266792
3.34255145706
3.13137211933
2.38352753193
2.72353784338
2.26324916619
3.15803643617
2.44044638868
3.08234723231
2.71637949096
0.57986184322
2.0829724013
1.64176629055
3.10229253171
1.2080258431
2.59147158125
2.44831781365
3.08953293502
3.46801395401
4.02420297374
3.91485127445
4.14530164066
3.13686917621
3.48674933756
2.83436059119
2.09398091998
2.57072917078
2.18189249723
2.1526441829
1.81505008817
3.50270703499
3.62851343523
2.33461602399
3.2660439105
3.21001471787
3.30605949054
3.01129800134
3.44285180999
4.00575619074
2.99839734579
3.00953300516
3.60069996317
3.45910144937
4.40663831199
3.73229338046
2.93319842734
3.46175930522
3.84656736306
4.17994341827
2.48627588402
2.43677390486
3.19358532609
1.58561867564
3.36369398045
2.46265459854
2.85339823455
4.00885938142
4.3054011302
4.563208028
4.09850139329
4.1084033844
3.84306993054
2.29042096623
2.59536699454
4.97216135484
5.19449425504
4.75923768224
1.5210481033
2.77078424029
2.95074585415
3.50490686678
3.97209670774
2.9954571768
3.72018987205
4.73868700726
5.20640033151
4.97192797436
5.09126731528
4.31315370543
4.65378978809
5.22862700721
2.15420165091
5.14272198129
5.29425302946
5.45861057822
4.52408182457
4.61517868738
3.97459877552
4.48843277227
5.05193183139
4.76438232763
4.78694910124
5.59314050927
4.68428437174
5.70435351828
5.82254854446
5.68999051349
5.53330344503
5.58559077692
5.53585509158
5.8287314357
5.43069785005
5.77550234896
5.44213218662
5.60777780666
5.36029060248
5.86770372043
5.35566507192
5.3052261874
5.69494875977
5.95501301359
5.7368733479
5.84818682398
5.90651627642
4.61993443041
2.38457120716
5.51982429652
5.97530552202
6.02384695
6.16352903633
5.7858102923
6.02960878233
5.09733722217
6.21531779007
5.85057782737
5.82324837629
6.09506121055
6.10250283376
6.09512066469
4.93340997253
5.33069306026
5.54552832483
4.79594983378
5.67373227386
5.74613913781
5.71503753404
5.73009705459
5.69988789716
5.94676498305
6.04658206267
6.12458732216
5.57824360447
5.96325591934
5.63705738608
5.83552471053
5.67065767336
5.52620265168
5.39046340246
5.52698401996
6.35189215537
6.22820099093
5.87172878903
5.29105259893
5.23091140019
5.18853269195
5.25436621093
5.39753132852
5.81047040053
5.58372957888
5.593528758
5.36605083823
5.98811594334
5.7162914495
5.58436371279
5.60392939691
5.53413508683
5.21215002206
5.08670470034
5.60564379204
5.81620586323
5.8137186796
6.02392046719
5.86677942983
6.0479098922
5.92767577368
5.5074363231
5.38418383514
4.84794986112
5.23505431983
5.23974202386
5.0349800037
4.64027611162
4.77225921116
4.52520644995
5.54879603651
5.54766806853
6.01951984975
5.47819946688
4.7749209089
4.36884490342
4.1269786878
5.0269154352
5.43860435784
5.64540162255
5.57140488999
5.7768246117
5.41540440852
5.050797185
5.82948389245
6.14689477088
5.65969027418
5.57495800973
5.09307328262
5.04360681258
4.88565793454
5.27067919913
4.94229015225
4.99261832625
4.74904839543
4.69969727567
4.77247268587
4.43993098398
4.29063684607
4.09632790821
3.6035217469
3.24743108844
2.95343150532
4.221020343
4.1892537189
5.28145157629
4.86641717528
4.71126291358
4.72408384631
4.1974491882
4.46327322426
4.20883349008
3.13200665839
3.66861433068
4.99906098121
3.25044494044
2.57063256877
2.80325386061
3.90696433201
2.86660502383
2.70469833503
4.06555776171
4.75106100212
5.32107123422
4.89970962853
4.8719933672
5.12286459943
5.07609075707
5.23592774319
5.00451296473
4.97336640303
4.61853199717
4.83425845508
4.93130522206
3.44636777622
4.25943084267
4.96086580782
4.94727003032
3.84638870539
4.66481582644
4.93423704256
4.81834048208
4.84143715256
4.13634043723
4.55849815331
3.97954637307
2.23037674948
4.35688083669
4.17373669653
4.66006388717
4.6748731611
4.76753245389
4.56375647639
4.42770986296
4.60875766996
4.4506679111
4.50330412733
4.51723480142
2.9013654826
3.62319813925
2.99696532973
2.37583425596
4.45861372405
2.88987118069
2.85597719579
1.95519552962
2.99238762657
3.63497176477
3.64195729069
3.89741993204
3.32310190317
1.60461383389
2.52146345927
3.92935492142
1.77490484963
1.55883385195
3.56152984963
2.54464469818
1.11457113808
1.18802299541
1.77162005573
2.8592084216
2.79422132649
2.91352234461
2.91104084741
3.19881780984
1.84383412932
2.67191564881
2.97794876765
3.30868141852
3.55687067811
3.45162889013
1.30685942708
1.37046406648
2.69839745529
3.15946139549
3.20355787699
1.0177776291
0.899204773602
2.57325381819
2.80764036672
2.83681682972
1.98026677176
2.64873130745
2.51071976339
3.10617212812
3.108153097
2.86268361494
2.31421983179
1.95088104872
2.26341428654
3.01771375859
1.99417131712
2.14993704314
2.51210867139
1.07278190022
1.00555396472
1.72489045695
1.83809268534
2.21476681763
1.87186584819
1.15294429546
1.33294178983
2.46453715956
0.61190528097
2.51684525135
2.50527041838
2.6822780567
2.05425093242
2.32925007029
1.2679491462
3.28632366162
2.80211247677
3.0878749124
2.83814512713
0.657967876195
2.1159681551
2.18794103381
2.10279399191
2.3239962215
2.89476350764
2.51142897059
2.97995505529
3.81048310736
1.80638817074
1.83315150402
2.15914304969
2.34623513532
0.836977467885
1.8948231206
2.67828318227
3.37399336437
2.87799386352
2.08970103698
1.7799406122
1.97459479369
2.1053701729
1.95573879179
1.73759176148
1.86641974143
1.4623134514
1.78997623261
2.98277827176
1.03353270846
1.91007994681
1.23338821258
1.57577379317
2.05564066554
2.17376299606
1.52804564292
2.01669836679
1.54490855005
0.526278290449
1.12178344785
2.29809388561
2.64182825407
3.35567446272
3.73516479408
2.62779192061
1.87643053666
2.16515766294
2.19911204135
2.51983350506
1.86438664514
2.89956069828
3.30350493063
2.85370955354
2.01313345838
0.68812263011
0.594225923146
1.17445698779
2.53984908354
2.76804347034
2.9403588549
1.93215905128
1.33947209063
3.34604722914
3.74507977894
3.10368394533
1.44452214553
1.07464943638
1.90509383437
2.34569377331
3.45859797233
3.2107751189
3.53698098328
4.07175024556
2.95554513747
1.72190547611
3.93655369496
4.68577814267
3.79013169855
2.89984304003
4.16945041091
4.57321919088
3.89048331859
2.32132076336
2.32459493423
2.26651109565
1.80250882712
0.869486053745
1.34717581481
3.91240158814
4.92272066218
4.90787163824
5.08969520662
4.96927523917
5.09465957122
4.83415237632
4.87307594405
4.9821512035
1.81751930774
3.43508670039
4.46393950398
5.24494762974
5.22344418651
5.20910435399
5.07419264007
5.25479220372
1.84314294972
2.08186094141
2.51713323575
1.58151066301
2.87195734484
5.36147692339
5.48098775427
5.51707033035
5.66471258666
5.54682745165
5.77443007308
2.11806366726
3.15229177486
5.10718614872
4.30603894253
5.71441584529
5.31232023185
5.30299288243
3.0687466704
4.99042817148
5.96622813441
5.97507934752
5.82308224833
6.0844385011
5.9215777262
6.02971228426
5.61156753419
4.76526039567
2.78625427483
5.14513957087
5.99737678268
6.02478766582
6.14668612268
6.13858698708
5.20645482461
5.85536477258
5.87076756505
5.91069106504
4.77720084377
6.09498658902
3.00515950358
2.03134708086
4.2524457665
6.0667027462
4.04888891646
2.93551829495
3.62710297788
5.98220825882
5.52624613016
6.21350208535
4.52009692578
6.15665663972
5.72892069739
6.17624272305
5.75244682182
6.17588957265
6.0755687274
5.4615067929
5.94648126309
6.28951197501
6.17959106319
4.4102444099
6.38245790731
6.2906874643
6.29280256856
6.31903781426
6.66773980849
6.40614145928
6.46108327359
6.38208527441
4.54631678208
3.09769228537
6.1035644924
6.20377896257
6.68489059185
6.13634188582
6.26149441214
5.96006703946
5.87254532156
5.73321530224
5.82988607053
5.93944793643
5.20875643529
6.35242555766
6.03263392965
5.48354342587
3.67561638527
5.65353957758
6.08727056687
6.33790169942
6.22673620767
6.33076998503
6.13698422503
5.98990736782
6.16926354364
6.17671078346
6.3757261413
6.09334101654
6.06828252704
6.23882596792
6.03891968138
6.20864634713
6.29388071058
6.13202780691
6.27540841789
6.01776447734
5.98684866354
4.63700206085
6.08816458657
6.05984353677
6.12931078596
6.05594721303
5.8050362529
6.07961211842
4.23236294038
5.46258570874
5.85584841482
4.86828594461
6.07710215371
5.75329941481
6.0389434373
6.06741953247
5.82115045872
5.84435848717
5.87537590171
5.17361599264
5.82304868417
5.85395947869
5.51558876042
5.90389766012
5.82249587888
5.68566119075
5.63682990643
5.71611020896
5.48591376117
5.40885104779
5.8856194721
5.37092690887
5.65963903572
5.57929815119
5.68214077685
5.26679814883
5.28684205971
5.3048470172
5.41188050196
5.36097356599
4.24431559196
5.51122101731
5.47046548155
5.43509478423
4.76198914698
5.4254029426
4.61433556908
5.27830160073
4.88239965054
4.85165079834
4.76388527689
5.09852129914
3.95063823922
3.82482291437
4.68968232584
5.10661443745
5.05051936578
5.00350771073
1.88445390562
4.94937633779
5.19929636483
4.97418533163
3.79447385724
4.951207406
4.95871397556
4.96455698358
5.00517819771
5.15017022286
4.83217887577
4.42575715574
4.41474464494
4.06940965716
4.32119018609
3.94273263097
4.45025688864
4.49638694739
4.38575776898
4.70095496685
2.80798277869
3.53850048203
3.14823900141
3.08367198753
4.70174271272
4.6974198901
2.37327616836
4.23089969422
4.09340013691
4.21067606199
4.13164289482
4.17643072599
4.26318620403
4.27762891952
4.21021027627
3.27592319507
3.48572684524
3.12866045994
2.11029087222
2.31523906333
0.983155828091
3.67675623591
3.84583127967
4.10490617624
4.09684508366
4.16898996833
4.20321983531
4.17119192454
3.46461617725
3.42611878501
3.83119761992
2.66299493034
2.70946480588
2.99452333259
3.35683274458
3.97740949823
3.42942674421
2.55282594834
2.22543259331
3.5193732198
3.52094486646
3.13118893501
1.29178037611
3.39318168078
3.69135687305
3.71576193268
3.63361004597
3.152948284
2.61532236966
2.608789792
2.61944341143
1.87644579298
2.29277348644
2.83390174229
3.29056864505
2.49833607091
1.68174097504
1.16339283173
1.17199627574
2.1546040848
2.31292712068
2.31996228463
2.60269622346
1.12007713318
2.80102572284
2.46480633067
1.87997252672
0.764417327961
2.48127210572
2.38770804417
1.73479015329
2.20983100795
1.84979926766
1.94405182005
2.16425672144
2.78898984932
3.16279425454
2.58697433036
2.15385341974
2.34023049793
2.99708319203
2.84110047098
3.16153425665
3.16078641481
2.77085314924
3.19468745556
2.8208341945
3.54617236826
2.86459013941
2.09978503778
2.39357770534
1.69634151002
1.70743461731
0.591842573988
1.4544477816
1.51991422176
2.80000972483
3.18157041127
2.48277818309
2.79995189365
2.07715076562
2.40268467595
1.2935536023
2.15561253579
1.79002891722
1.8973760129
2.84036553277
2.14176952816
3.12114147598
0.914120662925
0.868851240786
1.29827411314
1.99091448666
2.71143029054
2.9217587351
1.92196052933
2.19410738117
2.4754303326
2.4890051573
2.80173599444
2.22235548004
1.34080339138
3.00700661883
2.53965159212
1.85887681534
2.84084517844
2.75108752487
1.52591678951
3.3448317979
2.17089578708
1.98605594862
1.89960946073
1.33824591356
2.81423762557
3.87879605923
4.1556230467
4.48540019773
3.57018005759
3.04806291308
3.04160803459
3.13636351725
1.4220635
2.28610782471
3.80464889761
4.27324497875
4.05068348539
2.84434719125
4.97900393513
5.03243329758
4.52782081009
3.41702922153
4.57856458849
3.64316251901
3.15305055119
3.33194822418
4.18452182601
4.72377905723
3.93840839568
4.49636128185
3.0297381103
2.91999659551
2.74669858744
2.65604418246
4.89425837023
4.63753015741
4.86064267349
3.1923013736
3.55313986608
4.58629902459
5.22253306546
5.57514977034
5.49469637714
5.42162225897
5.20252915877
3.23189174725
3.61917529815
4.55376495711
3.99494101763
4.70706507716
4.72726797575
4.51863302393
5.04470302687
5.59581750583
5.61320702604
5.87474348369
5.14212301547
4.74824320753
1.55294260214
4.18845411044
2.87506695311
5.42328429497
5.55538503636
5.83316419036
5.90217945077
5.90317616653
5.93944979259
6.01958160575
6.02904900047
6.14311048236
6.53816300035
6.18387920454
4.85013243544
5.82123735679
5.52130907959
5.99819773082
6.12621253039
4.35195873783
5.86756375967
2.57144392394
0.675996024948
2.44247264707
6.32730392844
6.16884276911
6.69662458639
6.60604387698
6.55951883095
6.5563703426
6.76925909524
6.70631114974
6.76014229406
6.6855860991
6.7076676397
6.67834337815
6.65194571669
6.54862741905
6.80006915109
6.28319064177
6.54824166899
6.49533223815
6.599461126
6.3071959596
6.18078628666
6.3662690081
6.01561183455
6.41829732294
5.82665088044
6.31190379554
6.28991212723
6.32108724512
6.17796900871
3.22531128523
6.56161894163
5.89561482752
6.59829031655
6.3585458672
6.81134338526
6.68518866594
6.26482795449
5.66491181823
5.99498411792
6.04262865677
6.45053115019
6.44082674307
6.54323640248
6.16368866901
6.3244865371
6.56377527844
5.62453890444
6.37525548728
6.48969212599
6.41932467601
6.46272244762
6.35659065956
5.69225105604
5.09816890133
6.40737018048
5.75301404119
6.70361340423
6.3569799427
6.45534645492
6.58725390453
6.36361106633
6.10397246277
6.02634271312
6.26114502154
6.10260885114
5.82723519374
6.21923474122
6.16833291497
6.33062659561
5.81000137665
5.88099986165
5.6933084596
5.67635264983
6.14218016481
6.15367285872
6.07672613383
5.78587148183
5.81740038915
6.22051546212
5.4294286588
3.64533571568
5.98598284897
5.84692993609
6.05960150494
5.76387291375
6.27555275533
6.3237169186
6.07453433872
5.49337370335
6.0645289765
5.98419736893
5.87896719803
5.82676651765
5.74391354526
5.798183901
5.62100040935
5.68085262991
5.79352218802
3.11760548522
5.15922424056
2.88708294814
3.20185606037
5.85506697891
5.90720706614
5.52842427263
5.59771149027
5.67897100332
5.6631941703
5.51773748926
5.79214792755
5.92718604717
5.7533962156
5.55237960388
5.56213163755
5.52845859484
4.47020965901
3.64954628322
5.4186859703
5.04388390758
5.33382326864
5.3685980242
5.26269799406
5.47531585194
4.38874515725
2.30111165908
4.14812489723
5.25996863589
5.30201808582
5.17789650012
5.31425511785
5.22544166371
4.19148571125
3.98402894833
4.48467270138
4.33335173434
3.33650129391
4.85081465894
4.8536404677
4.88461643933
4.87283889578
5.00190563477
5.08902884886
4.75358383876
5.13247399031
1.91186451244
2.30460387563
5.11762193249
4.76244593877
4.07945288306
4.36576163457
4.58224253525
4.88179761463
4.73658881147
4.40403239485
4.49940864581
4.4873067112
4.2953266377
4.82991778343
4.37061552173
4.22547350757
4.32554467988
4.10702050052
4.15586100636
4.05316886345
3.98600806468
3.43457996699
3.62658016525
1.83265399796
1.89532464342
2.98502024403
3.41128560201
2.0692961049
3.88362559694
4.13662640557
2.31724101137
2.42528881667
2.28916916589
4.11819370805
4.30502638351
4.31707127471
3.24153001808
3.17487368666
1.02869584664
3.660607752
3.51980000526
3.74068808558
3.93709199057
2.92717220591
2.90108297936
3.03028247607
0.928772233444
2.97370343737
2.69409816896
3.11680729135
2.11530446868
3.57722997649
2.96308364875
3.42496637139
3.24784969922
3.76923987617
1.62614426578
0.811219708655
1.53500573191
3.44560946833
2.50744152529
2.49195705624
3.37740351165
2.82201048429
3.02421632043
3.25798986866
2.92865224797
2.8630724149
2.7819897878
3.12092466731
1.56016240711
2.51847628888
3.6161211663
0.863518859395
3.12434818631
2.2786804575
2.68877096056
2.94957415709
1.95245390144
1.82606396221
2.29243989664
2.68395653362
2.57580573007
1.58768484967
1.21590056848
2.35274018759
2.82907013609
1.04274585224
1.6859831655
1.60320150868
1.57257034531
1.91926208927
1.86843271627
2.8100892216
2.98228605321
3.03555300117
3.64610835909
3.38731247745
3.67722653731
3.95461732686
3.66564100098
2.70906506043
3.24497881333
2.55716605309
2.5092748281
2.96897988546
2.98062754118
3.56012484443
3.00820661873
1.96638010263
2.11424113562
2.25036208593
1.70672166263
1.44757247889
1.12136200713
1.54621445278
0.986027270098
0.741441512953
1.50406471242
1.93958520399
3.01260765213
2.8301507496
2.37543077079
1.69273097705
1.48866043534
1.86674395389
2.47260455544
2.39521161931
2.47835838328
1.36945400756
2.76011354427
3.60151499039
3.63018349214
3.80368559855
4.12578841288
2.12238506936
3.03432497516
2.56257808329
3.44296604025
3.55350159679
2.46773660397
4.07353193801
4.24717187206
3.24846467366
2.89440410854
3.03381252011
2.0819034756
2.32996111348
4.40306536396
4.17357763157
1.28157392394
2.49363089372
3.28631978394
2.79585003309
1.769222127
2.66461084677
2.8233053801
2.89593503178
3.63467370827
3.40959677323
4.08363542914
4.61963318232
3.20542395967
3.15283822987
3.43340351939
3.70341837089
4.21166445544
4.90831941629
2.52549908675
3.88474612922
1.50681094275
1.80019744566
4.06247716444
4.19953382508
5.1272305831
4.72662400797
4.25050981979
4.63318862731
5.3455329605
2.99611731563
2.45605380963
2.11905347761
5.07518908444
5.72397530246
5.68262254896
2.73703768849
4.28994288344
4.25695538771
5.26316786122
5.73283042032
5.79156032499
5.75342880793
4.86423388459
4.35967498473
5.80891189361
5.75576427871
5.94253608459
3.87259325938
2.09571259071
5.05642450079
5.25007232519
5.21871255484
5.48834414127
5.72724746715
5.70786617948
5.90243696405
5.93286128628
5.99334924848
5.2687916798
4.06310263233
5.55270549402
4.0625343237
6.02793753272
5.74806873159
3.8641223584
4.43771124126
6.17083521816
5.53435149428
5.87841725787
5.85331820863
4.75657292323
4.17337834143
5.9419491886
6.59603720115
6.46503578258
6.54406388124
6.70399131514
6.60912528917
5.45954749494
6.66471177557
6.11825639889
6.53157896221
6.66597169912
6.60326666143
6.27191423888
6.11343282799
6.25672208672
6.63206062353
6.64124360009
6.21875512934
5.84647238867
6.63468246592
6.49010494804
5.79048159012
6.21678521084
6.21716906008
6.47917519605
4.87787858882
2.76600526073
4.41692741451
6.87373051721
6.76593993533
6.76783626914
6.83244430291
7.08240656906
6.77359574283
7.1635247597
6.94528385249
6.35326216511
6.75726646618
6.71835287003
6.57947489754
6.48993576285
6.50358441017
6.52120965212
6.59890419239
6.71056965007
6.63783004448
6.26323104326
6.72179397573
6.50458128677
6.42188708905
6.54297298479
6.44614480552
4.92102723982
6.27171284212
6.56843501226
6.34570945784
6.31262425226
5.89725300739
6.33618659769
6.76048663459
6.33597971895
6.35280123707
6.65746787279
6.34752347008
6.44240999715
6.18029021052
6.48853896536
6.32571329625
6.16579300354
6.74139298063
6.62527542758
6.37517606317
6.13408431867
6.14788186023
6.58752575836
6.04398381693
6.26459371423
6.0497889255
5.94903044659
5.80992350879
4.93448767066
5.10822039203
5.89236977836
3.83203461577
5.49413305999
4.93380387073
6.39039766001
6.34352429749
5.93633534182
5.75734102837
5.8382115868
6.09628790745
5.99959184711
5.5253084446
6.04077197503
6.1844192202
6.00776346169
5.77387838287
6.21954078269
6.11403961095
5.64967059098
5.87117871747
5.68439376638
4.79165971199
5.90239994305
5.87206748512
5.67576961505
5.46382001037
5.48443338339
5.7679038792
5.6506411827
5.74781845221
5.40747939398
5.68431496809
5.69048989943
5.67324265251
5.34500714313
5.26427375744
5.19970173989
5.08316806555
5.18896600098
5.25358716704
5.36726874906
5.2904763302
5.29645117616
5.06367238988
4.99062827817
5.11525542561
5.16962926312
4.68592133088
3.80297423559
4.96772820626
5.03706729945
4.70215635511
4.8525025595
5.04639784654
4.65599605082
5.30589794063
5.13480926545
4.65172427202
3.96427881952
4.62578361606
3.96247858744
4.8335042466
4.87891087494
4.52929940986
4.02771077204
4.33568349508
4.58348495741
4.72248415232
4.55063075296
4.21117663528
3.11698146743
2.34172079457
3.98947162801
1.97334108441
2.13214578268
2.52502213694
2.72597776403
4.61011063592
4.34478475486
4.60984121617
4.36278786459
4.21923032206
4.40390580335
4.53624156503
4.5673816048
4.0923825534
3.78291508425
3.93064021649
2.94215722302
3.21412990602
3.64525104167
3.4244215428
3.07839221981
3.33525276334
3.68900339495
3.88246553563
3.62665066485
3.85728818518
3.70583390294
3.92821230933
4.01475975628
4.05198683298
3.97202947546
3.79443345094
3.81528013283
3.75333873796
3.20213358543
3.27115953076
3.49995867603
3.69235021036
3.46120470745
3.25735072344
2.61469481704
2.22459466381
2.61065012726
2.34141919001
1.17239981432
2.48374553226
2.15876564127
3.21291159727
2.03126825113
2.2403905161
1.33457415503
1.80737321786
1.0834968017
3.21901076882
2.49411696652
2.50679569933
2.14432947053
2.88014597835
0.502779502822
2.13067234696
2.23533419386
1.72015907029
2.25815244956
2.18677173357
2.48507001591
2.17547898931
1.99216524383
1.2469175808
0.60943127436
2.40392120238
1.61917204038
1.75256054432
2.40362492885
2.04498102148
1.95066800294
2.22550152937
2.64751625658
2.86760837394
1.79347871007
2.74536235184
2.77622873681
3.07062881097
2.77440297413
2.84550104509
2.78949183508
2.87755668928
0.691742063721
2.7468106282
2.57161953034
3.24833308745
2.11301751757
2.00476046439
2.63105077129
3.49624459283
2.49297443905
2.68228811366
3.47396102367
2.9563457074
2.34210777451
2.40896721639
2.67704225083
3.15796936494
2.68020819005
2.99622480937
3.39674310193
1.45787039663
1.32342058603
1.61633911514
3.1940655845
2.89360083581
2.48436828882
2.56921702785
3.13095019782
2.07895142078
3.66421975639
3.13814330044
2.80301883295
2.97997841015
4.08386931518
1.84968443065
2.58654877003
2.7782957081
2.88935469177
2.56889382863
2.51973465507
2.82731312293
0.831076846295
2.42514876435
2.41716757852
3.14225357394
3.81911801537
4.15145122216
4.30578847768
1.59137199004
1.97093426199
2.62991556202
3.86506182897
1.7323188794
3.59742015643
3.81192191056
3.10709164858
2.71676047409
3.02963073851
4.02336266508
4.57520103819
4.76950923239
3.67182737946
3.27522884406
3.62600375247
2.31977862878
3.61028391683
3.93914024599
4.58863490322
5.11987644079
4.99494909177
5.22433106456
5.07782043993
4.89661464849
4.32576463866
4.50226813962
4.77656451867
3.98562941972
3.82710577719
3.30354243393
1.6764581948
3.54281091324
3.79056063849
3.24249793803
2.95782782389
3.45148732014
4.33992381281
3.82357538682
5.02689499325
5.17262009378
5.10239766385
5.67652657162
5.77001838163
5.2367243925
5.01130499403
5.32904473977
5.13961559946
5.18439759552
3.47938667404
4.69625877254
5.18856816018
5.52427839885
5.25058892344
5.82639397509
5.53660506501
5.51605725825
5.61346186203
5.50852555915
5.6339621643
5.53225707565
6.02294966117
4.90365361682
4.32241716048
6.16203241794
6.06233844825
6.30879064185
3.87731468613
2.97383746634
6.05214419234
5.7884482016
5.35879555664
5.79471226185
6.12101230066
6.30474995053
6.25297129367
5.63725816192
6.36220669804
2.78254570268
3.08320374926
4.989602605
5.88966465059
5.64985845716
6.05395335682
6.19672596629
5.92131999543
5.79981547554
6.09303654178
6.09594999778
5.98371876461
6.12267915187
6.60040603088
6.37339683055
5.99767754176
6.34189648344
6.22200715779
6.58755391761
6.52206390016
6.62712871327
6.52801417637
6.63760382596
6.49186034074
6.34804707039
6.6174714977
6.37782894777
6.50773079895
6.47731150687
6.17504280385
6.50947987741
6.50123812526
6.05941226646
6.49071819343
6.40692267228
6.77022954331
6.43954433156
6.16187300897
3.74872710569
6.52998518004
6.46102848123
6.47816643604
6.43338075449
6.64747460585
6.33031986729
6.53301381309
6.62904600331
6.26736914461
6.93222770671
5.82058769968
6.6984838022
6.19470625811
6.89353652616
6.36740218511
6.38942448324
6.47530840604
6.08579384573
6.04548847863
6.43386611381
6.49506260347
4.5597481809
6.38204018649
6.35112610739
6.28090884352
6.37288398571
6.32812479932
6.59508516842
6.36086352986
6.75877951483
6.51728164893
6.25414157562
6.26571139429
6.01735383254
6.43073157868
6.39016632583
6.21875479526
6.02840771975
5.71986371311
6.64751969151
5.98653753001
6.76396104027
6.35406017825
6.23136220938
6.247674848
6.25928783035
6.08239916608
5.85908574216
5.99107563508
5.90394692931
5.85418567906
5.73417722593
5.73114721007
5.95649143125
5.82922355747
5.68633154158
5.88977170264
3.79870219242
5.64248928384
5.74694152778
5.72748848439
5.67810672372
4.5254032933
5.5041649298
5.50562400892
5.71383445164
5.39127554063
5.62451369406
5.46248666435
5.56413421052
5.520286555
5.32456577456
5.22218820008
5.33237335968
5.01778377772
5.00142249406
5.19587097481
2.21735003807
2.99447511707
5.45420085221
5.5219596868
5.40780076704
5.31237935578
5.26210809488
5.50684478426
5.33004303046
5.36960982267
5.13316924455
4.99702810792
4.84141332636
2.69495730038
3.7251263799
5.15887611998
5.04621465129
5.17950269813
5.07402256859
4.90479170686
4.89021344112
4.65231583607
4.67599459413
4.87936091157
4.84203237836
4.64693603811
4.75480880802
4.70126563036
4.7941319763
4.43338823645
4.41870726363
4.76797615786
4.69588773291
4.62317254988
4.64508433323
4.605479848
1.73729870544
1.50996195483
1.96380399305
4.48668902747
4.45403655513
3.82792101927
4.51786133855
3.37532341532
3.74578667608
3.7587470052
3.4015242186
1.77159687398
4.59456213727
3.74802780991
4.38362625402
3.71358257684
1.37234828294
2.86758405842
2.79294015083
3.00213612825
3.01471198705
1.06158010818
4.06051677218
3.64764803675
3.96061241318
3.56549407117
4.05629344163
3.73263947774
2.50756500991
2.47569012554
2.6914113572
3.13997799306
1.13203103645
1.88579954408
3.85921372432
3.85209714933
3.92712443856
2.13259693706
3.30074982669
3.50480714632
2.42526226756
2.95430752901
3.07679251483
2.63481608562
2.70595558344
2.09878782424
1.48339034798
0.867139115389
1.90181791008
3.19219169317
3.17068046891
3.17281927164
3.26241645458
3.3749632964
3.19836623649
3.16372910246
2.00942459419
2.67847979953
2.24605403628
2.14158259678
2.31895757511
2.32305363899
2.78226911799
1.55010203653
1.94467521573
2.61424429851
2.98554603086
2.93508141758
2.74426340665
3.22590666293
3.0831266167
3.26933020098
3.30022341509
3.4488470544
2.9751005619
2.43748224128
1.70062990541
1.16371208985
2.94681447876
2.90527959016
0.723340999476
2.32891149443
2.4215063784
2.66349163159
2.95351930995
2.51664723947
2.67359188022
1.08968054989
2.66933203102
2.86597022586
2.59392985622
1.34944924049
3.72392886623
1.69158081251
3.01059811421
2.44357057352
2.10033193568
2.21406295373
2.84824009907
3.22629962574
3.70455034236
2.80013463776
2.07199722673
1.87186561044
0.934954538856
2.60472634772
2.25863121951
0.990943258008
1.36317941907
2.39179297522
2.40340832473
2.29529946949
2.24751236532
3.15998124015
2.67193395705
1.69894452594
2.28924918542
1.89867165096
0.949408203229
1.5783972852
2.24913004732
2.48194200569
1.95957528331
1.69666375051
2.89316345076
2.3175250708
1.97183169121
2.32988981183
2.42101677836
3.03569910064
1.28976978707
2.56990649125
2.01160936201
2.00630765869
2.16660744533
2.47544977392
2.54752620941
3.50801957846
3.83899519937
4.18199189679
3.29368299768
3.40314672276
1.09112444529
3.40484983237
3.99358287068
3.75946752457
2.71797694647
4.55076964636
4.2796084963
2.8360463582
3.68883689048
3.44179429221
3.89473398006
3.18791651166
3.41381068251
4.29006969671
4.5737687573
4.18921677511
4.4317841903
4.59775501397
4.67679003837
1.36099070576
2.9513241286
3.09156367922
4.04959431153
4.92939661996
4.10861855208
4.71814338618
5.25576959844
4.96563245838
5.31517472956
4.63517379622
5.14757102432
5.03442880541
2.52437541892
4.78917124809
5.15817974269
4.43435429259
5.44347981392
5.1985402248
5.38618197952
4.19253358273
3.79268898247
3.06278795271
3.64075244774
3.78693376876
4.55871211093
1.74117586924
5.42189146295
4.88075937579
4.47222712359
4.08817070661
4.57916876286
5.37247813988
4.97594993733
3.88597128636
5.21307757892
5.61199763674
5.60075145053
5.68171640312
5.57694011622
5.74328071766
5.5614070701
5.55859020558
5.83308777308
5.79750356319
5.59091092059
5.54306964469
5.66419703332
4.45462303771
2.06509182221
2.99313500754
5.56262794765
5.46147828308
4.72205713468
5.27617392017
6.29594084662
6.15782767163
5.54205224074
5.96719640502
5.9064448368
6.05922282293
6.00553994485
5.27926957217
5.41471956618
5.77240313152
5.78391450051
5.74920589888
5.94153739075
6.09520636022
6.21421730704
6.11842921879
5.96480972871
5.91603851518
5.92092310838
5.69487837268
5.85532363529
5.89091359631
5.94192503601
5.60464773357
4.25591229916
6.0136180298
6.0172610518
6.18175214786
5.9659184965
5.7659648885
5.79969096891
5.95573126705
5.57255611381
6.09859361837
5.79318126704
4.37287262522
5.23899047315
5.94084419215
5.92086353069
5.17673709351
5.70606985825
5.67700656905
5.71931443876
5.50782477509
5.75131507227
5.77791822855
6.06410681672
5.61648715766
5.82672671352
5.82800402199
5.95343792509
5.83195016534
5.60975984905
5.75113188519
5.62149122168
5.63112998458
5.39767459977
5.32439426453
5.07162110747
5.39878523141
5.42447580226
5.68914105742
5.91004351189
5.37500680611
4.39149862875
5.25539170419
5.35708796366
5.59394769559
5.39732961217
5.71877261302
5.33433021157
5.32728488922
5.33616892241
5.14950819944
5.1982805294
5.10958600433
5.29255205526
5.16271640996
5.22661172698
5.66899415369
5.46857637543
5.55764033021
5.34995473483
4.93791677122
4.87582624911
4.84287813821
4.5833228307
4.3866308317
4.69558587111
4.32886573318
3.91133831058
3.57652467816
3.97216839431
4.57061776665
4.66238990959
3.8887543962
4.0095036443
3.97291716735
3.86461182401
4.33758089551
3.83056609278
4.00403674304
3.26287081942
3.07740283724
4.68896903283
4.4829378325
4.17971154165
3.68732584632
4.24646310382
4.34056263009
3.97063979692
3.97636599444
4.01786230179
3.68391132909
3.74629712012
3.64629657563
3.43382004751
3.13676760126
2.9750265518
3.03853784997
3.22527808808
3.14264285242
2.68935882496
2.63247219422
2.34215109205
2.72977984851
3.19157769578
3.18391860453
4.45874716437
4.06420567404
4.08446705519
4.0800534147
3.57157377096
3.42169993236
3.49766341566
3.71043186571
3.03869966637
3.3816283288
3.24226323419
3.10198069244
3.16021976409
3.10967612004
3.19409816472
3.33858563114
3.37808193844
3.3389099172
3.57392024432
3.18079220644
2.98730652787
3.32289717214
3.02200066383
2.40391671267
2.19190829154
2.40242278264
3.15331611689
3.08041052357
2.97384339029
2.80671825079
2.78635405079
2.91570628364
2.56104158157
3.1954640143
2.95266984895
2.66416239877
2.38681469592
2.61671170517
2.62218100934
2.50786972392
1.1885821062
1.10450960031
3.68555142178
2.95472133219
2.97811129587
3.09102390123
3.34351007556
3.56125071067
3.14430466718
3.08731552202
3.17890481081
3.18898020193
3.03147064809
2.51478240916
2.22029954764
2.52241217366
2.62127602265
2.57576187367
2.77408011626
3.08845919096
3.48323645856
2.01766612323
2.26386076612
2.48752239837
3.07490066446
2.46194277336
2.79750855217
3.28962040453
3.14204981035
2.27351639134
2.03889643423
1.43567406714
1.50952124378
2.86801995631
2.50874292088
2.31594708618
2.35724662961
2.45697294004
2.13990687425
2.73542822836
1.51296338703
1.91021718268
1.69237119142
1.79515042335
2.90116776091
2.9793467107
3.2726260872
3.33743532179
3.28819649755
2.70663857832
2.99976285441
0.683904113753
1.89351538526
1.76522636036
1.8008554129
1.84582905003
2.43829444457
1.61222165572
1.39905139618
1.52612600659
2.32114202437
1.93615110578
1.20454573666
2.426154989
2.16724725385
1.93920794808
0.536879705999
2.49134362734
