0 2.17960186999
1 3.14514709442
2 3.72619029822
3 3.87056411947
4 3.90463443269
5 2.88496157354
6 2.56079992339
7 2.27572180581
8 3.73383132548
9 3.41251919201
10 3.4121635032
11 3.28183487542
12 3.06414561736
13 2.3366850698
14 1.75454528562
15 2.09962800457
16 2.2335108697
17 2.78560190097
18 1.71932285175
19 2.85320630919
20 2.76841043253
21 2.00524277503
22 1.88645880993
23 2.17243521893
24 2.92047622957
25 3.2517296405
26 1.74643957014
27 2.40591570604
28 4.01862595833
29 3.84821864636
30 3.17883791459
31 3.25897878819
32 3.36848335928
33 2.41227912227
34 2.31618777454
35 2.37588040242
36 2.60220431414
37 2.21322347967
38 3.24673369914
39 1.72689917158
40 3.61600873221
41 3.763960262
42 4.82436700331
43 2.31656753202
44 3.6566832841
45 3.19170970217
46 3.23853742477
47 5.60420659616
48 1.23018638267
49 3.94563792918
50 4.56434666711
51 4.16925322196
52 4.00141332854
53 2.46963962049
54 4.5677453993
55 4.92275357972
56 4.62292044279
57 3.13796825674
58 4.98105589522
59 4.50024257045
60 4.34056960715
61 3.41080985887
62 3.85390440722
63 4.13571923435
64 4.08051184386
65 5.06717934244
66 5.20805692285
67 5.20120372942
68 3.78452544401
69 3.14472696847
70 2.8691094214
71 3.53497887841
72 5.29199674206
73 4.77653379459
74 3.22951349719
75 2.67388722905
76 3.25386809745
77 5.75722046648
78 6.08034182782
79 3.6737779215
80 4.47848588383
81 4.56163010607
82 5.26289253705
83 4.91020667781
84 5.77769691477
85 6.55454169968
86 6.48162308012
87 6.31450592296
88 6.32283546653
89 6.55303150568
90 5.37397340981
91 6.4523554171
92 4.83754509722
93 3.4263726229
94 5.62433986784
95 6.11630442512
96 6.24771397067
97 6.70375326173
98 6.29460469064
99 4.35415390011
100 5.60533833346
101 6.30914924417
102 6.60741936556
103 3.20414431949
104 7.16161571607
105 6.63286496487
106 5.43343561163
107 3.98764925043
108 4.99993780585
109 6.75091999427
110 6.58521197837
111 4.23356732233
112 6.27852679784
113 6.90338916736
114 7.07988791235
115 7.026944847
116 5.49101191027
117 6.25742664365
118 6.67509632989
119 5.75174524376
120 6.18665688236
121 6.88028965901
122 6.93239874893
123 7.09833880729
124 7.27683411595
125 7.29270218117
126 5.3518476725
127 7.52371224973
128 7.84983077715
129 6.42558475236
130 6.59928887543
131 6.16912750785
132 6.32627543706
133 7.57392596521
134 7.2537690997
135 7.30421939311
136 7.46983398139
137 7.26762129046
138 6.85651475335
139 6.87104154619
140 7.1122150821
141 6.975885232
142 5.98622149108
143 6.90562652181
144 7.80249065814
145 7.8075607431
146 7.92957257345
147 7.62576489229
148 8.2402974504
149 7.82231881222
150 7.87804957719
151 7.52969158701
152 7.86916767146
153 7.3713005628
154 7.09642755823
155 6.61736862688
156 5.48779927614
157 7.29066088794
158 7.63672895611
159 5.74125309022
160 7.59506802406
161 8.08264655952
162 7.82829832843
163 7.94921749655
164 7.56349218338
165 7.9283170598
166 7.31723383955
167 7.58257794147
168 7.18376942266
169 7.07068819044
170 7.28541750708
171 7.2132746903
172 7.53185080989
173 7.70490711426
174 7.51892328267
175 7.46095573674
176 6.88115681188
177 6.58615320587
178 6.97860246919
179 7.19948537048
180 7.23328993975
181 7.09503608837
182 6.79037205687
183 7.2914719369
184 7.11755879802
185 7.57204847669
186 7.45765076383
187 7.27286797274
188 6.55781598993
189 7.06970662672
190 7.23921312616
191 6.98346933589
192 6.95754242914
193 6.93115044284
194 7.1034324789
195 6.96913819544
196 6.84967091214
197 6.98101176852
198 6.40515864833
199 6.30573846513
200 6.32495348224
201 6.44487556117
202 6.19469730482
203 6.83963942157
204 6.84830385424
205 7.29914785121
206 6.86191427403
207 5.2964397187
208 6.90903063175
209 6.36414630048
210 6.67811728331
211 6.52232862163
212 6.81669083508
213 7.04836514882
214 6.90838991923
215 6.66824149504
216 6.71518201875
217 6.79983346896
218 6.08224627874
219 6.51622970884
220 6.77423365779
221 5.99759700775
222 6.66865843553
223 6.40405047818
224 6.31830464071
225 6.25170094192
226 6.17099678781
227 6.50962543738
228 6.54504682036
229 5.96340653272
230 6.47647440612
231 6.71925414661
232 6.51189479433
233 5.98592901877
234 5.7104876513
235 5.83130478774
236 5.68232911976
237 5.56279333116
238 5.09023282265
239 5.55288188142
240 5.36423892994
241 6.01581775726
242 5.73468588357
243 5.8481281779
244 5.63739351545
245 4.04362552048
246 6.06861119225
247 6.25932520012
248 6.19579734542
249 5.87423729884
250 5.50463138066
251 6.26525669096
252 6.31440601805
253 6.21439441236
254 5.80163681457
255 5.73674892968
256 6.25313551771
257 6.24317641993
258 6.19360968991
259 5.95953752581
260 6.01627309804
261 5.86786678437
262 5.97278386066
263 5.33281020496
264 6.19734529063
265 5.98014673998
266 5.8892082907
267 5.77804886724
268 5.33682156467
269 5.34722923772
270 5.31709241467
271 5.14789176522
272 5.61780587866
273 5.54095516451
274 5.54654723083
275 5.65087715411
276 4.25194791535
277 3.87067998028
278 3.44812551184
279 5.13231035135
280 4.65732941964
281 5.62835148565
282 5.5352163957
283 5.60332672864
284 5.45788782014
285 5.37846019487
286 5.26263868137
287 5.20863872627
288 5.16544340072
289 5.1905555781
290 5.27835213749
291 5.02364369348
292 5.21084382052
293 4.16485519186
294 4.00942799136
295 4.38101153703
296 4.62092308611
297 4.864156028
298 4.78019246656
299 4.67495400025
300 4.70403400837
301 5.07558946776
302 4.60769428258
303 4.97297320666
304 4.70862506972
305 4.2608427597
306 2.41270145618
307 2.85410079164
308 3.48287429407
309 3.16889134444
310 3.36798641963
311 2.8805729516
312 4.20273440775
313 4.24120732201
314 3.81623089012
315 3.98762323609
316 2.82835100404
317 2.77344471728
318 4.56259415816
319 3.85396954706
320 4.72987782252
321 3.90662742782
322 3.86692253304
323 4.04748386694
324 3.62278135813
325 3.46644382205
326 4.0858294789
327 4.46843751893
328 3.98948160599
329 3.47375877788
330 3.61326522272
331 3.77026596764
332 4.16170371821
333 4.1589387944
334 4.36312657695
335 3.95203863315
336 4.21639165072
337 4.1807293589
338 3.90840140917
339 4.40828775864
340 4.42230750019
341 3.91333008402
342 2.70884719095
343 2.90414074487
344 2.73418960469
345 1.81119552138
346 1.68601866265
347 2.7723447926
348 2.4795150531
349 3.11464482715
350 1.83873477811
351 2.78077515454
352 2.58488445013
353 3.23964380914
354 3.13510525847
355 2.59881749544
356 1.16498918513
357 1.57849066495
358 1.80570688401
359 1.80135772096
360 2.4860712318
361 2.88243161229
362 1.85369783319
363 2.41565369527
364 2.20729551921
365 2.44196315524
366 1.34268034184
367 2.24709712766
368 1.88214506382
369 1.6461288054
370 2.06760555913
371 3.08596649816
372 1.93623161853
373 2.50887077143
374 2.11744683762
375 2.79052759919
376 3.65581357579
377 3.47869753358
378 3.32663991882
379 3.23419780013
380 3.35679244561
381 3.16894061726
382 3.43322118972
383 3.71922381819
384 3.63421176737
385 3.60021822915
386 3.16481363261
387 3.90226657941
388 2.71600446097
389 3.81516087669
390 3.39787419388
391 3.75169363694
392 4.52665967757
393 4.44636543095
394 3.2941321376
395 2.37023064183
396 1.80034120015
397 2.72666373204
398 4.19908904531
399 4.11984321491
400 4.05181784427
401 4.16203030579
402 4.17903992846
403 4.53768159785
404 3.65611477476
405 4.81746978987
406 4.36277538803
407 4.42355963192
408 2.81379826932
409 2.73329816843
410 3.86885758702
411 4.30016016142
412 4.2955918115
413 2.84813015151
414 2.64851745516
415 3.60576496948
416 2.93386205116
417 2.60898816627
418 2.04370260083
419 2.76629391941
420 2.30331582992
421 3.85307448029
422 4.07425371126
423 2.88330762727
424 3.80287127946
425 4.74520374664
426 4.55255399552
427 3.64842539752
428 3.84084766098
429 5.04273117342
430 3.62566462096
431 3.08366608327
432 1.76843102596
433 2.96467074367
434 3.949574941
435 4.33093301573
436 3.00032444615
437 0.896390490314
438 3.09057107769
439 4.97701220021
440 5.60266589495
441 5.89395635868
442 5.04893492866
443 5.09216056273
444 3.6625719564
445 4.75806352825
446 5.02938071876
447 4.78762098659
448 4.80541206012
449 4.33416671154
450 4.76807842966
451 5.61926201562
452 5.96506641749
453 5.81619984985
454 5.5230597474
455 4.14588772096
456 6.41344223752
457 5.94679082169
458 6.25617847698
459 5.73421707721
460 4.16902415266
461 6.59188561791
462 6.3758202106
463 6.73508554184
464 6.91125732918
465 5.11771112565
466 6.58632959872
467 5.8407123849
468 6.17855467392
469 4.18084145956
470 6.54471280852
471 5.59788718567
472 5.59557054127
473 6.13378169479
474 6.67500104924
475 6.63156778493
476 6.67804510892
477 6.51213314772
478 6.34662311519
479 6.57700886033
480 5.51029356874
481 7.06315718727
482 2.43910217815
483 2.59364578634
484 4.71937451994
485 6.12465565954
486 6.58658811321
487 6.95101476425
488 7.18373044974
489 6.11592760581
490 7.14321343732
491 7.1814886914
492 7.16457347702
493 7.23788045609
494 7.34589084339
495 7.50886270102
496 7.5365468379
497 7.06665906761
498 3.27117545547
499 7.18416682157
500 7.39145112817
501 7.046823358
502 7.54213789803
503 7.03483828012
504 7.35658483359
505 7.17261456022
506 7.35328673669
507 7.40431589343
508 7.15065087413
509 6.96805636139
510 6.75441225631
511 7.58214663942
512 7.26723073318
513 7.12005630429
514 7.25825244238
515 7.31911204256
516 7.54888036435
517 7.55751060702
518 7.27793538475
519 7.46494252711
520 7.5193903934
521 7.40367658713
522 7.13891274909
523 6.64466591923
524 6.67049448497
525 6.95981368443
526 5.98022211745
527 7.65410287942
528 7.06601206783
529 7.17576931506
530 5.55969507006
531 4.03288352934
532 6.28356870402
533 7.85438028983
534 7.54255878813
535 3.89892623838
536 5.51746485587
537 5.61201652427
538 7.84707066451
539 7.75861374246
540 6.4443420858
541 7.03526286779
542 7.69068595723
543 7.85379942574
544 7.69371939023
545 5.71365410866
546 7.42573594079
547 7.82249687406
548 7.73766910398
549 7.49573712644
550 6.97887342633
551 7.05555489308
552 7.23584310715
553 7.2736522712
554 6.82064985608
555 7.12305968481
556 4.60485594627
557 3.44831619455
558 3.85035316949
559 5.29283629662
560 7.39882908529
561 7.67793963265
562 7.43861504362
563 7.08345181488
564 7.04882639567
565 6.81800369667
566 7.59716371239
567 7.27784974722
568 6.67014730922
569 7.40811437508
570 7.1592862289
571 6.48687549917
572 6.82048541503
573 6.54882073068
574 6.9299144423
575 6.21211528501
576 5.67700925982
577 6.01909918306
578 6.4797176839
579 6.4655788646
580 6.53777625025
581 6.11536701043
582 6.08978093491
583 5.60134640724
584 5.89992743827
585 6.73681965865
586 6.8405991073
587 5.85565299049
588 5.96734773882
589 6.10975263914
590 6.13460597158
591 6.9558210214
592 6.89029815916
593 6.38066199156
594 6.13614538652
595 6.18112350475
596 6.01586249742
597 6.73287546949
598 6.73966260361
599 6.72468751147
600 6.33099034847
601 6.48948306532
602 6.85885867382
603 6.8773748692
604 6.47267139226
605 6.30916692514
606 6.36674199584
607 6.28643266521
608 6.11309724804
609 6.11727341497
610 6.10048475069
611 5.39896051115
612 2.41537068489
613 5.82119107197
614 6.82037191389
615 6.73133327848
616 6.27620906479
617 6.38365144169
618 6.30801340739
619 6.48274493632
620 6.57276690727
621 4.99201816265
622 1.9526850791
623 5.84506166603
624 6.21113896087
625 6.17140789893
626 6.21504681996
627 6.29314371216
628 5.22764460903
629 5.72244208851
630 5.70007621301
631 5.91778045348
632 5.89489057168
633 6.11806703654
634 3.68481040939
635 2.24784477484
636 3.08484647007
637 5.68502982856
638 5.61695516389
639 5.79272927643
640 6.00496397574
641 4.47710948181
642 5.21423072614
643 5.33181203157
644 5.4995651783
645 5.35992899443
646 5.12654436391
647 3.61463498663
648 4.66285905321
649 5.14349188421
650 2.33781593222
651 5.39443980408
652 5.08615535735
653 5.32075195211
654 1.64088976954
655 5.42937504553
656 3.94367832296
657 1.90877499375
658 4.75916643455
659 4.73642898037
660 4.24434210471
661 3.9081804634
662 4.11952833619
663 4.46621009129
664 4.81122133326
665 4.43296635724
666 4.53810028085
667 4.69602034622
668 5.05867112459
669 4.78422660684
670 4.60595972461
671 3.58392069387
672 3.86729008855
673 4.14198799115
674 4.50620001309
675 4.55199793825
676 4.05163889335
677 4.50010069747
678 4.62252327835
679 3.46598188467
680 3.614111661
681 4.32958803055
682 4.42800177269
683 3.90044065424
684 3.47333532545
685 3.22435349233
686 3.49362665998
687 3.87041678067
688 4.19384987762
689 4.18496404524
690 4.21099949624
691 4.30334340803
692 2.86331188618
693 3.04253349726
694 1.352730999
695 3.82334721629
696 3.86435457717
697 3.24827405606
698 2.49897021821
699 2.32688918047
700 2.97461286223
701 3.47324174225
702 3.95936786656
703 3.81412414739
704 3.05203778884
705 2.97477616888
706 3.16820825216
707 3.44482525886
708 2.68136638568
709 3.17413675567
710 2.40191049017
711 1.79555701416
712 4.21975512012
713 3.40266414847
714 3.07404845175
715 2.96962199137
716 2.96863960508
717 1.87583801682
718 1.65583310425
719 1.40944881862
720 1.47525163375
721 2.43847115689
722 1.8913983905
723 1.87898144684
724 2.56939638325
725 2.68374044606
726 2.39121356502
727 2.72427931709
728 3.15180681753
729 3.6092539851
730 3.29032485114
731 3.21999745717
732 3.24693610088
733 1.73084003909
734 2.61599450149
735 2.50824492283
736 3.19497206537
737 2.65758648308
738 1.20610775623
739 3.06502170954
740 3.65304829411
741 3.26336877008
742 3.52015816988
743 2.25126773541
744 2.25954813061
745 3.406832082
746 2.51622233604
747 0.401544093258
748 1.76978463902
749 2.27792488341
750 1.91998593278
751 1.76870493825
752 1.2762552552
753 1.55595544898
754 1.82907896024
755 1.95781774104
756 1.87343900291
757 2.13556459172
758 2.10371964709
759 0.801274002915
760 2.28200342664
761 2.32300453332
762 2.51107046638
763 3.00878767993
764 3.1487919899
765 2.99468301084
766 3.23671688063
767 3.78080000854
768 3.16913085653
769 3.15109093404
770 3.91082276262
771 4.0915187498
772 0.766932551446
773 1.18210869075
774 3.45144207678
775 3.6720204836
776 3.96012866649
777 3.54323813604
778 1.6104912419
779 3.69175698427
780 3.41378120728
781 3.33917501511
782 3.37940545712
783 3.7704438708
784 4.28938725713
785 4.57581867481
786 4.26710853337
787 3.86832869136
788 4.24194625982
789 4.15934526641
790 4.38093648093
791 4.12189829258
792 4.07838820617
793 3.05449698867
794 4.28840800303
795 4.59131838128
796 4.53495301834
797 4.79436312548
798 4.7095983857
799 4.84537179842
800 4.77943167233
801 4.08724143997
802 3.64607963974
803 4.13423488392
804 4.6439192268
805 3.18271399825
806 5.32050725285
807 3.58935464282
808 3.51914202416
809 1.58092675583
810 3.54725610842
811 3.65090273466
812 5.03206868045
813 5.42603612053
814 6.17282253084
815 6.18726115792
816 3.74664674641
817 5.32139817585
818 5.33005814691
819 4.12425157483
820 5.81106331828
821 5.79636096692
822 4.13630563426
823 5.61970426738
824 4.43069721779
825 5.26533959668
826 6.04405628278
827 6.31351957025
828 4.93049687594
829 5.25374462004
830 6.14475613749
831 6.35215584038
832 6.11255955271
833 1.80272737594
834 2.84179308207
835 3.82242625708
836 6.77297516979
837 6.45390273641
838 2.90875976997
839 6.62020914338
840 6.76204383584
841 6.56528961712
842 5.63716128352
843 6.40516250719
844 5.42527257327
845 2.43612415364
846 4.89914922602
847 5.85587636365
848 1.63862160202
849 6.23174284434
850 6.90511316585
851 6.88143541913
852 6.11861182368
853 7.23891914386
854 7.19196760728
855 7.11520678016
856 6.9634640387
857 6.89391607547
858 6.98134698047
859 7.0988842327
860 6.95791473287
861 6.92867248354
862 6.93698226758
863 6.86448036308
864 7.18618874018
865 7.10210031399
866 7.12019701669
867 7.02852563304
868 7.21351819551
869 6.95098667448
870 7.18164857811
871 6.18471892308
872 7.74751986755
873 6.60475746156
874 7.42753191254
875 7.18195696321
876 7.32025211592
877 7.30798482607
878 5.75256965956
879 5.07793160557
880 6.86635477788
881 7.5228666874
882 7.28217538378
883 6.98911646495
884 7.33062372045
885 6.52578875025
886 3.91153894756
887 7.60622093382
888 7.60533175663
889 7.60755186821
890 7.44868932995
891 7.39284898875
892 7.37127086946
893 7.06916598039
894 6.91560049136
895 7.33629234788
896 7.82152645345
897 7.92513792067
898 7.56762934114
899 7.56691783123
900 7.31874664096
901 5.20753183536
902 7.52367294364
903 7.1870852635
904 7.32527722594
905 7.60806146691
906 7.53671963442
907 7.67962694202
908 7.46539566825
909 6.42507290826
910 5.88450166708
911 7.56343199006
912 7.60691820545
913 7.7782968294
914 7.34257470546
915 7.17238946122
916 7.44567045149
917 7.93200741983
918 7.89550974057
919 7.43822681112
920 7.46421355785
921 7.20556768352
922 7.22992887707
923 6.4422983707
924 6.02227615079
925 7.59324173024
926 7.63608156545
927 7.59457419645
928 7.42365576903
929 7.20049604651
930 7.22677177035
931 7.24716701003
932 6.77752758089
933 6.68836931796
934 5.32617349765
935 4.33674538354
936 3.70486199118
937 6.06688752151
938 7.87905731449
939 7.74737298777
940 7.91731110293
941 8.09824616165
942 7.46067965973
943 7.57613439544
944 7.81742125853
945 7.00052588111
946 7.17443535703
947 7.29474768085
948 7.27902071705
949 6.98952420749
950 7.24818391092
951 7.11250843264
952 7.29095156915
953 7.10979132546
954 7.16112192404
955 6.17134817131
956 6.98036680995
957 6.79457968619
958 6.68404102671
959 6.90650600859
960 6.65983132889
961 7.02523546294
962 6.4310137379
963 6.87555977437
964 6.88498911235
965 6.64592819163
966 6.30978857048
967 6.93387066955
968 7.02434291421
969 5.69049860938
970 6.77499116028
971 6.15776462003
972 4.58176878267
973 6.29627996843
974 6.76533077527
975 5.80697462515
976 5.22793477313
977 3.14536889802
978 2.24258137861
979 5.0207249239
980 6.02472638748
981 6.63036624946
982 6.69629761328
983 6.3444565109
984 6.5527667735
985 6.30373905635
986 6.43393700455
987 5.47293103644
988 6.47409836887
989 5.61996032212
990 5.33319164321
991 2.55735714651
992 5.933425907
993 6.29016366302
994 5.77166411933
995 3.84439553564
996 4.17264373807
997 6.37309119308
998 2.58828268335
999 4.34620069498
1000 5.72293591603
1001 5.67775928492
1002 5.43301814399
1003 5.62157005048
1004 5.26662648193
1005 5.93245905912
1006 5.82662870621
1007 5.87114489125
1008 5.83478455201
1009 5.65598545566
1010 5.34121804127
1011 2.86761171278
1012 3.93600233637
1013 4.48596867025
1014 4.9414528709
1015 5.13836795043
1016 5.11424359701
1017 5.13541082008
1018 5.09220632435
1019 5.22002317703
1020 5.22469654474
1021 4.82748331588
1022 5.13851293956
1023 4.81425235629
1024 4.76947836151
1025 5.14268058687
1026 4.86548849151
1027 4.30134568692
1028 5.01933550936
1029 4.81144259316
1030 5.10238919117
1031 4.80321009857
1032 4.2756947753
1033 4.19938979464
1034 4.33907780821
1035 4.32440952007
1036 4.32262130408
1037 4.30275527764
1038 3.7284435359
1039 4.50280700044
1040 4.02910088402
1041 2.15256894348
1042 3.99552106803
1043 2.56878647874
1044 4.80343464324
1045 4.10303559628
1046 3.92031069451
1047 3.81604283424
1048 3.54575535269
1049 3.20735547352
1050 2.36030739143
1051 2.71647264526
1052 2.29269345286
1053 0.663840578868
1054 2.08220839938
1055 2.41590477011
1056 2.42980309369
1057 2.81876034242
1058 2.38729152534
1059 0.88883596106
1060 2.12027696196
1061 3.56098944505
1062 3.54829408028
1063 3.14022493535
1064 3.05915092977
1065 2.89108249981
1066 1.55630576304
1067 1.9382761226
1068 2.55191098991
1069 2.89924423867
1070 2.28876278935
1071 2.96447048999
1072 3.41878635816
1073 2.87479356865
1074 1.2743023791
1075 1.64234175921
1076 3.29356830659
1077 2.17291382082
1078 1.44254819702
1079 2.84376289612
1080 1.61694576919
1081 2.54639173095
1082 2.13162922149
1083 1.08892851145
1084 1.81418625294
1085 2.09448003003
1086 2.30304936969
1087 1.81518481582
1088 2.49317798752
1089 1.87448032136
1090 1.72865842336
1091 2.05220422845
1092 2.03671736025
1093 2.09601784345
1094 1.80136390124
1095 2.04635214662
1096 2.20344614768
1097 2.15937900465
1098 2.01074995507
1099 2.43866414695
1100 2.31167482025
1101 2.97863709524
1102 3.12731169677
1103 2.06157140752
1104 2.35208748172
1105 2.98272862714
1106 3.47598929671
1107 2.59841721751
1108 3.14824890332
1109 1.92048960179
1110 3.58730728268
1111 3.29853791268
1112 2.61934989613
1113 1.2997927142
1114 2.183902096
1115 1.16234130619
1116 2.48242941158
1117 2.58929275215
1118 2.74562311639
1119 3.29854566888
1120 2.6881696986
1121 2.63584227514
1122 3.63976933357
1123 3.20948387731
1124 3.35307234898
1125 4.34409043278
1126 4.43769250032
1127 2.97210111169
1128 3.0572310221
1129 2.70591142887
1130 2.38619863232
1131 3.54799399977
1132 3.62356034743
1133 4.17508761197
1134 4.10332226418
1135 4.51127478909
1136 4.76086821854
1137 3.13085552786
1138 1.20285120288
1139 3.48171930668
1140 1.90721129567
1141 3.11061821501
1142 3.48015484747
1143 3.8531339604
1144 2.71926794976
1145 3.40420118388
1146 4.61710670893
1147 3.64767417256
1148 1.303600609
1149 3.50587624811
1150 4.11129387294
1151 1.90171280008
1152 5.25467387394
1153 4.46114542236
1154 3.74125202261
1155 4.18991437864
1156 4.3851005594
1157 2.36382356394
1158 1.93742827669
1159 3.94596068304
1160 2.79934195986
1161 3.60010049913
1162 4.13292658703
1163 4.52098238837
1164 3.88148649495
1165 4.75042584006
1166 4.48280360039
1167 5.6831933643
1168 5.47809663057
1169 1.58485357462
1170 2.11800218421
1171 5.0986458368
1172 4.48052694346
1173 4.6234871711
1174 2.36141643112
1175 2.78610268032
1176 5.36366395165
1177 5.37537466569
1178 5.59750434576
1179 4.49407189471
1180 4.1677961098
1181 3.71966737915
1182 4.40938373075
1183 1.9025986525
1184 5.75819120421
1185 5.74404320363
1186 2.31241807439
1187 5.3551088964
1188 4.37332951454
1189 4.15009235042
1190 5.71322658427
1191 6.21787502863
1192 6.29167337645
1193 6.49367758823
1194 6.16717529961
1195 6.14052008991
1196 5.84437583732
1197 6.54528218261
1198 6.40292754325
1199 6.50544254682
1200 5.58273944545
1201 6.4797730222
1202 4.02439997929
1203 4.74630115947
1204 5.73743263009
1205 5.82790194839
1206 6.60722456353
1207 6.90304390479
1208 7.03975112089
1209 7.04680891231
1210 4.58755215045
1211 6.17688525247
1212 6.57046078614
1213 6.97260790228
1214 6.44664158841
1215 6.72680987545
1216 7.1043354778
1217 7.09833986945
1218 7.05415526063
1219 6.95346209771
1220 6.95935196641
1221 6.63459581223
1222 7.18811117479
1223 6.69819686403
1224 7.23372663814
1225 7.13733319069
1226 7.07251042832
1227 7.23329443026
1228 7.29035830972
1229 6.98745646235
1230 5.99334301402
1231 4.41913254456
1232 3.80574857238
1233 7.29253742234
1234 7.09399563833
1235 6.8569622302
1236 6.395843793
1237 7.05952961025
1238 7.53299007201
1239 7.4113524135
1240 7.13961102019
1241 7.10148116955
1242 7.45576910021
1243 5.44736907034
1244 7.59418573009
1245 7.5443622641
1246 7.3551664271
1247 4.16023910354
1248 7.87868017691
1249 7.63854215093
1250 7.66579080348
1251 7.58491383054
1252 7.80037904172
1253 7.15460564706
1254 7.22032189639
1255 7.67038324192
1256 7.53508644911
1257 7.55278761755
1258 7.54535973954
1259 7.43607297015
1260 5.46901514924
1261 7.73383841866
1262 7.85307074797
1263 7.25444450305
1264 7.36695556377
1265 7.56557525718
1266 7.62533100508
1267 7.76131010888
1268 8.01794641281
1269 7.85287117321
1270 7.90076105173
1271 7.71579872163
1272 7.89990028412
1273 8.08856978878
1274 7.62266487141
1275 7.79868931204
1276 7.81219825722
1277 7.75570792633
1278 7.80622554524
1279 7.11727419037
1280 7.76851771352
1281 8.14270502928
1282 7.63332603392
1283 7.81712433809
1284 6.42969045021
1285 7.77251002674
1286 7.75224714988
1287 7.60518702826
1288 7.29676167065
1289 6.64854597769
1290 7.27548762915
1291 7.29455952277
1292 6.92459439497
1293 7.1105588012
1294 6.62686912847
1295 7.1378065475
1296 7.40999713065
1297 7.38470251845
1298 7.31761295507
1299 7.42896960251
1300 7.56842985833
1301 7.42982737044
1302 6.58200806783
1303 4.96602123346
1304 5.50407672738
1305 5.22452157147
1306 6.31839326748
1307 7.6124677433
1308 7.12122569539
1309 7.67399047098
1310 7.23314143491
1311 6.98564245703
1312 7.25057459295
1313 7.35603505545
1314 7.00482255027
1315 6.91260699513
1316 6.68431373609
1317 6.86644988766
1318 7.81864992947
1319 7.44777608831
1320 6.67572262559
1321 7.25779693894
1322 7.08417895699
1323 7.39925133958
1324 7.00297768401
1325 5.27693746343
1326 7.0562408586
1327 7.01444796077
1328 6.84530989039
1329 6.81771453141
1330 6.66678578995
1331 6.78886234513
1332 6.8515031844
1333 6.95167331855
1334 6.7560189841
1335 6.5444191924
1336 6.76824923566
1337 5.63372817409
1338 6.92002936418
1339 4.67634330409
1340 6.68066680596
1341 5.74407836543
1342 6.1351956648
1343 6.81286263957
1344 6.7366060145
1345 6.81010623534
1346 6.75006400038
1347 6.13044305999
1348 6.60831169814
1349 6.38503083409
1350 6.39983760319
1351 6.25394475532
1352 5.28259233216
1353 5.97136204216
1354 6.05008937946
1355 5.89395564875
1356 5.75579730781
1357 5.89354321593
1358 6.01046990597
1359 6.55716859598
1360 6.01401404787
1361 6.2733069129
1362 3.35193743064
1363 5.74848557605
1364 5.38666120159
1365 5.61900576089
1366 5.4719105563
1367 5.30053446913
1368 5.3839679584
1369 5.27942603923
1370 5.63850731388
1371 5.58234509312
1372 5.6056040064
1373 5.6173818059
1374 2.23683131224
1375 4.92853391321
1376 4.72750350553
1377 4.69776481385
1378 5.19198023784
1379 5.41536221235
1380 5.06152750373
1381 5.43768345445
1382 3.61590267562
1383 5.27854067862
1384 5.09898499099
1385 4.59332718094
1386 4.39743661973
1387 4.61970013341
1388 5.1396771766
1389 5.13555835139
1390 5.25084775742
1391 5.15820491667
1392 5.16162011269
1393 5.11414122159
1394 4.58644972077
1395 3.25230282514
1396 3.69915545337
1397 3.93891978764
1398 4.42646744522
1399 4.40994529547
1400 4.49542032633
1401 4.62244701301
1402 4.76896916028
1403 4.66153647509
1404 4.40769349649
1405 3.86695254584
1406 4.43498609815
1407 4.1935003659
1408 4.53979824401
1409 4.12585346958
1410 4.43730223172
1411 3.69686859343
1412 3.58316161542
1413 3.98342409709
1414 4.01987276814
1415 4.15560503263
1416 4.38776761483
1417 3.95607736529
1418 3.66760098239
1419 3.20095445051
1420 3.13213036531
1421 3.55348020295
1422 3.14688693613
1423 2.3684215326
1424 2.23610781493
1425 3.70415627467
1426 3.86569426578
1427 4.23582225068
1428 3.63475036075
1429 2.22978355649
1430 4.13493418048
1431 3.76912861795
1432 3.49143081287
1433 3.6032652625
1434 3.78958182965
1435 4.1531602363
1436 4.16433882868
1437 4.04694458162
1438 3.21557389224
1439 1.42531559116
1440 1.63500063139
1441 1.41997764345
1442 1.80226175815
1443 2.90190423557
1444 3.74158049112
1445 3.10403573472
1446 3.23561389391
1447 3.8023810792
1448 3.16476046146
1449 2.96368604552
1450 2.96509159025
1451 2.62767991354
1452 2.45109714362
1453 3.10792127819
1454 2.41891516367
1455 2.5344047137
1456 2.33385230459
1457 2.53480030599
1458 3.02394448064
1459 2.25379955108
1460 2.17852567051
1461 2.09970043059
1462 1.4859046063
1463 1.4712633277
1464 2.08141875579
1465 2.49537275316
1466 0.859779053744
1467 2.51222284673
1468 2.31069505655
1469 2.84295395995
1470 3.79320508769
1471 3.53669447915
1472 2.71647555313
1473 3.11091249813
1474 2.54658526126
1475 3.59419510577
1476 2.78374181932
1477 3.49900753426
1478 3.08017201778
1479 0.623259144071
1480 2.37326212955
1481 1.81061184897
1482 3.52834461169
1483 1.31240668378
1484 2.84138609393
1485 2.74713795211
1486 3.51088744141
1487 3.93162329061
1488 4.54877450347
1489 4.42667289955
1490 4.68326285325
1491 3.46303909685
1492 3.88597407589
1493 3.23326887747
1494 2.35502523241
1495 2.92158300748
1496 2.49480897649
1497 2.41722795894
1498 2.01769469088
1499 3.97514398773
1500 4.11568065822
1501 2.58022992575
1502 3.71126853775
1503 3.64647539886
1504 3.75000733133
1505 3.4253925532
1506 3.90378638785
1507 4.53396790187
1508 3.40470570063
1509 3.42598246473
1510 4.08290342419
1511 3.86227918647
1512 4.99400176578
1513 4.22648570253
1514 3.32099942063
1515 3.93930735363
1516 4.37050528034
1517 4.72791048118
1518 2.84215501414
1519 2.78555174988
1520 3.63859726302
1521 1.74051871067
1522 3.7324892214
1523 2.80987925436
1524 3.25344619771
1525 4.55302794228
1526 4.88673815835
1527 5.18035789304
1528 4.57106201564
1529 4.67706037509
1530 4.37800854524
1531 2.53727946475
1532 2.87181351041
1533 5.63863207938
1534 5.88915389415
1535 5.36989976914
1536 1.65890568428
1537 3.10139139849
1538 3.28960674369
1539 3.91159629038
1540 4.49514106344
1541 3.42728425427
1542 4.24563837313
1543 5.3955458684
1544 5.91116270711
1545 5.62110278245
1546 5.80430230555
1547 4.9274907349
1548 5.28935922503
1549 5.91353112184
1550 2.3597283481
1551 5.87064020296
1552 6.04705484085
1553 6.21663662544
1554 5.18425066212
1555 5.28922371754
1556 4.54812234269
1557 5.14815971991
1558 5.76274240158
1559 5.36163061592
1560 5.37818654336
1561 6.41126079413
1562 5.28372040536
1563 6.50787645534
1564 6.66373140625
1565 6.51780893615
1566 6.3531585811
1567 6.40904368159
1568 6.36901874337
1569 6.6781062559
1570 6.1744870057
1571 6.6242790824
1572 6.20906517635
1573 6.47542323345
1574 6.17293659559
1575 6.72620860953
1576 6.18038691091
1577 6.10290823511
1578 6.51302428051
1579 6.90476297806
1580 6.66008134125
1581 6.76046113955
1582 6.79442006332
1583 5.21909248581
1584 2.62816307274
1585 6.39430570636
1586 6.95050566718
1587 6.9985462278
1588 7.17153014799
1589 6.7444134262
1590 7.03611444197
1591 5.86875874294
1592 7.24440957587
1593 6.8175131216
1594 6.83581008781
1595 7.16764265737
1596 7.16811029778
1597 7.16224555981
1598 5.62991440954
1599 6.27944487601
1600 6.54983715075
1601 5.58667310042
1602 6.72323771816
1603 6.81490979593
1604 6.7822041401
1605 6.80038534473
1606 6.75087631258
1607 7.0604875559
1608 7.18692105628
1609 7.2424694309
1610 6.51202844256
1611 7.08876791564
1612 6.66977110907
1613 6.96442626909
1614 6.80376618202
1615 6.62785978848
1616 6.4767599993
1617 6.61483353493
1618 7.56123635707
1619 7.51456145035
1620 7.10375504817
1621 6.41187328664
1622 6.35545067957
1623 6.30688933833
1624 6.36526536211
1625 6.4490737997
1626 7.08165952752
1627 6.80818441213
1628 6.8042358626
1629 6.48726344191
1630 7.28106019632
1631 7.00857609604
1632 6.97243289852
1633 6.92858835528
1634 6.94839868105
1635 6.75672660962
1636 6.70828804104
1637 7.02341239656
1638 7.18908381951
1639 7.18728232852
1640 7.43114525898
1641 7.25410336096
1642 7.3513451867
1643 7.2846352372
1644 6.79146274454
1645 6.72632247448
1646 6.22697407002
1647 6.82947066366
1648 6.80171930135
1649 6.72564179347
1650 6.34946445436
1651 6.43041793693
1652 5.27501076565
1653 6.92945774738
1654 6.82312441674
1655 7.34556730314
1656 6.77604043885
1657 6.24605389523
1658 5.87268908867
1659 5.62921052969
1660 6.59607698606
1661 6.91844920881
1662 7.13830922741
1663 7.02792000267
1664 7.26727697004
1665 6.45864260706
1666 5.89753346378
1667 7.16045726516
1668 7.6624584478
1669 7.14398180022
1670 7.08201100017
1671 6.49681326751
1672 6.41599176535
1673 6.23001185423
1674 6.66454169606
1675 6.39466097297
1676 6.56982958151
1677 6.43534930366
1678 6.35029214948
1679 6.69633360557
1680 6.44387871129
1681 6.22488081502
1682 6.25180517341
1683 5.77595547551
1684 5.52998314932
1685 5.33766485124
1686 6.29758818317
1687 5.81437152315
1688 6.8220311372
1689 6.65856734464
1690 6.63092268158
1691 6.58310494543
1692 6.11733130447
1693 6.4112429421
1694 6.17461917532
1695 5.40787982072
1696 5.8475571658
1697 6.54671351729
1698 3.68699085771
1699 2.8339684274
1700 3.11551279509
1701 4.54241882106
1702 3.19385174613
1703 3.00178216914
1704 4.74613435238
1705 5.79286729186
1706 6.71349721223
1707 6.17962538082
1708 6.19563142944
1709 6.48082840646
1710 6.42754776321
1711 6.58356975863
1712 6.30102660642
1713 6.23392354978
1714 5.85750741052
1715 6.14915986255
1716 6.23898319243
1717 3.90717213462
1718 5.0132620861
1719 6.04021167901
1720 6.17044232411
1721 4.4199761786
1722 5.74647512345
1723 6.06243485217
1724 6.02344542524
1725 6.08811663977
1726 4.95789835944
1727 5.73683740146
1728 4.82558705609
1729 2.45285306167
1730 5.26014671122
1731 5.01390211302
1732 5.81657349746
1733 5.78347693831
1734 5.91477674574
1735 5.67655605349
1736 5.53509257883
1737 5.7098203603
1738 5.56860391463
1739 5.62155387599
1740 5.59066608479
1741 3.3642445914
1742 4.36534232643
1743 3.43445784959
1744 2.62523071034
1745 5.48997096747
1746 3.25128028335
1747 3.38739958491
1748 2.21839839373
1749 3.50963146627
1750 4.45353810066
1751 4.55614977372
1752 4.85084069136
1753 3.91919316444
1754 1.77691334659
1755 2.93499462432
1756 4.8596143637
1757 1.97057209696
1758 1.7241154366
1759 4.27579465703
1760 2.90612408708
1761 1.20632583125
1762 1.30601428045
1763 2.03880999916
1764 3.50005950557
1765 3.41205061758
1766 3.61239761824
1767 3.55650149587
1768 3.89640927692
1769 2.10236321928
1770 3.1460457908
1771 3.66845444567
1772 4.05394281306
1773 4.30856933992
1774 4.04394330274
1775 1.41625513816
1776 1.49841700653
1777 3.22681806978
1778 3.8548870942
1779 3.88055623148
1780 1.10586179069
1781 0.980720094854
1782 3.14977049501
1783 3.40888978635
1784 3.41698065167
1785 2.25386404171
1786 3.18699898184
1787 3.05979230075
1788 3.75133113767
1789 3.7376697347
1790 3.44428426298
1791 2.78627588696
1792 2.3839105225
1793 2.75006970325
1794 3.61704061109
1795 2.42990874683
1796 2.58247243072
1797 3.03142577938
1798 1.25056279161
1799 1.14630279123
1800 2.08631516573
1801 2.22679002379
1802 2.65526326106
1803 2.24746956169
1804 1.31236537871
1805 1.53856498178
1806 2.92979410688
1807 0.669904395163
1808 2.98900425737
1809 2.99386254255
1810 3.15549567312
1811 2.45048342223
1812 2.77732551953
1813 1.42174422546
1814 3.83682033818
1815 3.34176684444
1816 3.66434040212
1817 3.36430150926
1818 0.721982304075
1819 2.51331433739
1820 2.61415259826
1821 2.52024962231
1822 2.76171451977
1823 3.41631349484
1824 2.93898125521
1825 3.4908609219
1826 4.48407807785
1827 2.05012288991
1828 2.0941535341
1829 2.5771564838
1830 2.7903027439
1831 0.92462065332
1832 2.24928984693
1833 3.13832302733
1834 3.9582546016
1835 3.39699386464
1836 2.48379674502
1837 2.11963162982
1838 2.32824852643
1839 2.47352962488
1840 2.32432987838
1841 2.0465888601
1842 2.21713304646
1843 1.7424047622
1844 2.12617041462
1845 3.50592092807
1846 1.1667163413
1847 2.26095022441
1848 1.46472303164
1849 1.87208551511
1850 2.43088005107
1851 2.5508924764
1852 1.81386833865
1853 2.37732604258
1854 1.74522771798
1855 0.583790679965
1856 1.26975156072
1857 2.66861962912
1858 3.07723712759
1859 3.91522792289
1860 4.35180166905
1861 3.09396290456
1862 2.17337326356
1863 2.53545174639
1864 2.59568186064
1865 2.963335738
1866 2.15208355175
1867 3.4091940802
1868 3.87719416883
1869 3.35977830926
1870 2.31403505661
1871 0.765037515553
1872 0.665931553849
1873 1.34692987203
1874 2.98380241054
1875 3.2436268395
1876 3.41352825571
1877 2.20186135633
1878 1.50421334525
1879 3.91381812315
1880 4.38311323031
1881 3.63017783317
1882 1.66087854962
1883 1.22032134837
1884 2.21483550845
1885 2.70991674737
1886 4.03056672754
1887 3.77483062161
1888 4.14908712896
1889 4.74108763405
1890 3.3681709882
1891 1.98911047171
1892 4.62264215939
1893 5.49597174157
1894 4.46481384503
1895 3.39693608225
1896 4.90029587688
1897 5.34204817013
1898 4.58627124863
1899 2.68667101353
1900 2.643690917
1901 2.56417824604
1902 2.02984893975
1903 0.974309623781
1904 1.52363312425
1905 4.53479021473
1906 5.76767162638
1907 5.76862673574
1908 5.991192876
1909 5.85460178215
1910 5.99502356936
1911 5.69857534157
1912 5.72317492022
1913 5.81011683364
1914 2.08934748455
1915 4.07688098044
1916 5.27014114716
1917 6.20120677228
1918 6.18237146468
1919 6.14530922878
1920 5.94024149327
1921 6.22111070148
1922 2.11422204815
1923 2.39474250475
1924 2.93125232966
1925 1.79509516491
1926 3.34542861187
1927 6.35220132249
1928 6.49456138402
1929 6.54072779321
1930 6.71558724286
1931 6.58742797916
1932 6.8548007836
1933 2.41995743453
1934 3.65392154859
1935 6.04723083505
1936 4.98187910154
1937 6.76865454377
1938 6.33706449165
1939 6.3149056734
1940 3.50834329357
1941 5.82569542461
1942 7.10115833082
1943 7.12941969585
1944 6.9511492033
1945 7.24201721201
1946 7.03844382383
1947 7.20864990807
1948 6.63460102336
1949 5.63584511454
1950 3.20376992085
1951 6.00914228956
1952 7.13604144871
1953 7.23210203252
1954 7.34859935155
1955 7.35305336569
1956 6.11791928322
1957 7.06879640817
1958 7.08888389683
1959 7.13708473717
1960 5.58501035147
1961 7.28801483372
1962 3.427564458
1963 2.29037021022
1964 4.9983610904
1965 7.30515518797
1966 4.64993103431
1967 3.34375491409
1968 4.15792655971
1969 7.14624141566
1970 6.4964912399
1971 7.46251042692
1972 5.24735259351
1973 7.44135569227
1974 6.83215566514
1975 7.47807461449
1976 6.8568607281
1977 7.50915908182
1978 7.38989434874
1979 6.48279662949
1980 7.05272875883
1981 7.66111371957
1982 7.52566422427
1983 5.06248584842
1984 7.64336025862
1985 7.68816193145
1986 7.68109062096
1987 7.72725481388
1988 8.0548404815
1989 7.76353901541
1990 7.89927536037
1991 7.71037816954
1992 5.23521669527
1993 3.49272619506
1994 7.31757511376
1995 7.42484533584
1996 8.12298838602
1997 7.52823835124
1998 7.71124557815
1999 7.36755452396
2000 7.25902424136
2001 7.09272853922
2002 7.20155589513
2003 7.31412388309
2004 6.16880446209
2005 7.83174901107
2006 7.40434663209
2007 6.47202498256
2008 4.17622197653
2009 6.76139069927
2010 7.53550574012
2011 7.84470052286
2012 7.68416234466
2013 7.76913306543
2014 7.61911594791
2015 7.41531793083
2016 7.63258484315
2017 7.64454686228
2018 7.93080477367
2019 7.43875189756
2020 7.34973862403
2021 7.67884754943
2022 7.47524111019
2023 7.70637067921
2024 7.79750120424
2025 7.48146465587
2026 7.81764352336
2027 7.45805667284
2028 7.41331684338
2029 5.3935003625
2030 7.58008275017
2031 7.55866202341
2032 7.62332032364
2033 7.58271552472
2034 7.24466202417
2035 7.47990167921
2036 4.87807713201
2037 6.56450967586
2038 7.12773637307
2039 5.68258574159
2040 7.48753743741
2041 7.00724432025
2042 7.43407461592
2043 7.48404801064
2044 7.10263631622
2045 7.0695198641
2046 7.1940442099
2047 6.1573786829
2048 7.19640014209
2049 7.21080501411
2050 6.72154709401
2051 7.29969078535
2052 7.25603162739
2053 6.9223592406
2054 6.95919548562
2055 7.03415004124
2056 6.67355324228
2057 6.6236010292
2058 7.33528180055
2059 6.49931060164
2060 7.04154967662
2061 6.98262085344
2062 7.08996573682
2063 6.58986992489
2064 6.61482453615
2065 6.60415738978
2066 6.74672875109
2067 6.70148925011
2068 4.91937582101
2069 6.79585112439
2070 6.81583722631
2071 6.74390640532
2072 5.6836594189
2073 6.7385926533
2074 5.60704972425
2075 6.56907916142
2076 5.93642256125
2077 5.88886635258
2078 5.83192857712
2079 6.37458446214
2080 4.62538565812
2081 4.44088503854
2082 5.65780328532
2083 6.25186038302
2084 6.27965907142
2085 6.22367247279
2086 2.06870338971
2087 6.13502232357
2088 6.4828437013
2089 6.11367427767
2090 4.37361008701
2091 6.11197744132
2092 6.1440744341
2093 6.14488085552
2094 6.17471174627
2095 6.36619856479
2096 5.92449081004
2097 5.4970614216
2098 5.49492044301
2099 4.9658431873
2100 5.36798208669
2101 4.90977891507
2102 5.5057965313
2103 5.55761857665
2104 5.34972131209
2105 5.73443207988
2106 3.16200470058
2107 4.07412028327
2108 3.59904578497
2109 3.52408703868
2110 5.72382868704
2111 5.70897214905
2112 2.63236216586
2113 5.18093994399
2114 5.01720156097
2115 5.11549426324
2116 5.06069398895
2117 5.11014157026
2118 5.20868669907
2119 5.16766709404
2120 5.13191518271
2121 3.95648862698
2122 4.26982400914
2123 3.66424591221
2124 2.33262655503
2125 2.56677737887
2126 1.07096298477
2127 4.42188395413
2128 4.64136481429
2129 4.94488594972
2130 4.93799147135
2131 5.01799330771
2132 5.05725943871
2133 4.93148463256
2134 3.95968616169
2135 3.92041095082
2136 4.48449104851
2137 3.09524972457
2138 3.26910035495
2139 3.6007335979
2140 3.99303663872
2141 4.7333498261
2142 4.11425758524
2143 3.06247348351
2144 2.57101346267
2145 4.15431621492
2146 4.10091855646
2147 3.58719822233
2148 1.40654577922
2149 4.02519411515
2150 4.36824159844
2151 4.39852538856
2152 4.29906829758
2153 3.64992761732
2154 3.11867189803
2155 3.07003893218
2156 3.01513782891
2157 2.06584094751
2158 2.72644471962
2159 3.34312099214
2160 3.86712703874
2161 2.96013370825
2162 1.96316439955
2163 1.32253317954
2164 1.32155384429
2165 2.51269200586
2166 2.72243368579
2167 2.72717427721
2168 3.03794098589
2169 1.2343148911
2170 3.26935222589
2171 2.88103429867
2172 2.18692333923
2173 0.844408980891
2174 2.8912381471
2175 2.74012917253
2176 1.94885086697
2177 2.55994870758
2178 2.12835360102
2179 2.26282588652
2180 2.51629410861
2181 3.22671157584
2182 3.63711156903
2183 2.92004880868
2184 2.49963884288
2185 2.71035804056
2186 3.45381652808
2187 3.27767159972
2188 3.63870867717
2189 3.63649186243
2190 3.19461756117
2191 3.6689752218
2192 3.19934796782
2193 4.06382912912
2194 3.21055967405
2195 2.32436511986
2196 2.75786774062
2197 1.9623427796
2198 1.95718496716
2199 0.652368364295
2200 1.67822403112
2201 1.75258440242
2202 3.19989415932
2203 3.63351677929
2204 2.84567738716
2205 3.20494270598
2206 2.3826297154
2207 2.74759570727
2208 1.43354164756
2209 2.46776789546
2210 2.05115439714
2211 2.16961431326
2212 3.23810242962
2213 2.44818387485
2214 3.54964774155
2215 1.02997750072
2216 0.976427460225
2217 1.46264515892
2218 2.26951886164
2219 3.08308761608
2220 3.31763925589
2221 2.18968780334
2222 2.49685497818
2223 2.81298836811
2224 2.81882509143
2225 3.17786074187
2226 2.51407635121
2227 1.49357668784
2228 3.40776970046
2229 2.88246779508
2230 2.08900835687
2231 3.20475037541
2232 3.10619953086
2233 1.71073820935
2234 3.78690454096
2235 2.43330876436
2236 2.22911092331
2237 2.1553745931
2238 1.50354000022
2239 3.18449320418
2240 4.384048904
2241 4.69620704575
2242 5.06903697974
2243 4.04332509918
2244 3.44812853911
2245 3.42515511154
2246 3.55625688272
2247 1.59595131166
2248 2.58137717319
2249 4.30889086948
2250 4.83510307661
2251 4.57420432905
2252 3.18230813569
2253 5.63704743014
2254 5.6982725531
2255 5.1098522035
2256 3.83277835428
2257 5.19150646508
2258 4.13870563632
2259 3.58136130755
2260 3.78624281342
2261 4.75744488008
2262 5.37066275454
2263 4.48202127543
2264 5.11410011945
2265 3.40377141365
2266 3.27275841196
2267 3.10686612348
2268 2.99321099665
2269 5.56576940145
2270 5.27320458754
2271 5.5256138529
2272 3.63945345354
2273 4.05155843269
2274 5.22051900206
2275 5.94629917625
2276 6.34830730582
2277 6.25276837782
2278 6.16433437047
2279 5.94110583129
2280 3.67227775526
2281 4.10019142936
2282 5.19560143998
2283 4.54745372336
2284 5.37134139558
2285 5.40670176122
2286 5.17356249807
2287 5.7740175058
2288 6.39924458683
2289 6.41126956814
2290 6.7288532119
2291 5.86450864045
2292 5.39939156938
2293 1.73174965092
2294 4.74944542398
2295 3.25266495893
2296 6.22111359646
2297 6.3733128132
2298 6.69304237992
2299 6.77515717735
2300 6.78104526371
2301 6.82698686542
2302 6.91165003018
2303 6.93348490199
2304 7.07253043044
2305 7.52215051226
2306 7.10797939684
2307 5.4953598915
2308 6.71919700636
2309 6.39269511849
2310 6.94153319672
2311 7.06486395047
2312 4.89766630777
2313 6.69022031702
2314 2.88295465009
2315 0.74756873779
2316 2.78585916614
2317 7.32570568636
2318 7.14889823424
2319 7.74335433357
2320 7.63700408377
2321 7.61289271418
2322 7.61636194767
2323 7.85162743492
2324 7.78060306066
2325 7.85751358144
2326 7.78073867956
2327 7.81324398051
2328 7.77567692119
2329 7.75342331051
2330 7.61166467482
2331 7.94010906705
2332 7.35314176221
2333 7.66226682001
2334 7.58559702075
2335 7.73750373743
2336 7.40788813169
2337 7.24646956403
2338 7.46390212043
2339 7.03275452153
2340 7.5741307345
2341 6.70683559292
2342 7.37316998348
2343 7.44560001289
2344 7.51005624347
2345 7.34548210533
2346 3.58617024706
2347 7.74853006723
2348 6.88474841443
2349 7.79856041616
2350 7.45528345094
2351 8.06885621168
2352 7.95927623802
2353 7.49838109041
2354 6.5678787367
2355 7.04477955708
2356 7.08178259521
2357 7.61276320082
2358 7.59405452483
2359 7.78638830146
2360 7.40403422745
2361 7.58809351477
2362 7.91339683256
2363 6.59620351085
2364 7.61304674709
2365 7.70796171625
2366 7.54625006132
2367 7.6490745426
2368 7.55454311305
2369 6.72898081998
2370 5.86241220145
2371 7.76830646143
2372 6.75129038611
2373 8.0443961597
2374 7.6063961379
2375 7.65620145075
2376 7.94755239337
2377 7.75025372338
2378 7.46068324887
2379 7.35662873042
2380 7.63250398003
2381 7.46839018154
2382 7.13379646935
2383 7.58669491937
2384 7.46668992257
2385 7.72860371398
2386 7.09818699898
2387 7.22702145656
2388 6.99389102391
2389 6.886510121
2390 7.3603526084
2391 7.4789265261
2392 7.43019650926
2393 7.09188487336
2394 7.03378999372
2395 7.55859667677
2396 6.39789233011
2397 4.07259313968
2398 7.17137989316
2399 6.97832810009
2400 7.21952001637
2401 6.76274017989
2402 7.62131688579
2403 7.67153917066
2404 7.32800545734
2405 6.44780716028
2406 7.3211241677
2407 7.34456094875
2408 7.12283680948
2409 7.1473004572
2410 7.08727725182
2411 7.13519899288
2412 6.90289596324
2413 6.98269042972
2414 7.10711042965
2415 3.44183358774
2416 6.02073494079
2417 3.18129384132
2418 3.56907891296
2419 7.08491818708
2420 7.18031519639
2421 6.62064477931
2422 6.85920085549
2423 6.95165822033
2424 6.87130988554
2425 6.71899458668
2426 7.02437597879
2427 7.27132892067
2428 7.04307109846
2429 6.76010690908
2430 6.75341848556
2431 6.75805587292
2432 5.13402481608
2433 4.10060038336
2434 6.54791352755
2435 5.92206323062
2436 6.50896233553
2437 6.50701388842
2438 6.33390259017
2439 6.68052499817
2440 5.04264352344
2441 2.50029836453
2442 4.72498780845
2443 6.34756792861
2444 6.44502340461
2445 6.20396411353
2446 6.43998481006
2447 6.26821767762
2448 4.82078925762
2449 4.55209008457
2450 5.19050521153
2451 5.00894675515
2452 3.78296767521
2453 5.93204015296
2454 5.91493276878
2455 5.96006296011
2456 5.93634628572
2457 6.07888266055
2458 6.16324140587
2459 5.68591124115
2460 6.19980384572
2461 2.06579550667
2462 2.50839945074
2463 6.15542090685
2464 5.6025760666
2465 4.65553250589
2466 5.03671261678
2467 5.3761861826
2468 5.84234371745
2469 5.71715950592
2470 5.30726042484
2471 5.4426192787
2472 5.42016335305
2473 5.08263393841
2474 5.79577888844
2475 5.2671154948
2476 5.0154068372
2477 5.02259458391
2478 4.80272275197
2479 4.9232374699
2480 4.85920212933
2481 4.80256907
2482 3.96020048322
2483 4.12633456398
2484 1.99556421776
2485 2.07262145551
2486 3.39488357532
2487 4.00942465046
2488 2.29162352799
2489 4.48726893288
2490 4.86890168197
2491 2.56834130164
2492 2.69779610892
2493 2.52326641119
2494 4.73622690841
2495 5.05713518384
2496 5.05938101354
2497 3.63574519319
2498 3.55298595693
2499 1.10624971315
2500 4.31923927138
2501 4.15337676786
2502 4.39348846477
2503 4.61610695198
2504 3.4617989891
2505 3.42272988649
2506 3.51175818749
2507 0.995946116642
2508 3.46247837631
2509 3.17286302658
2510 3.64748207716
2511 2.37780203451
2512 4.16241625466
2513 3.35577240152
2514 3.90101037837
2515 3.67478346728
2516 4.3277864554
2517 1.7682872462
2518 0.87059413679
2519 1.66158961706
2520 3.96758488993
2521 2.91873947217
2522 2.86664085884
2523 3.89347124584
2524 3.25955458082
2525 3.47412771241
2526 3.72488796564
2527 3.37672216383
2528 3.29974566006
2529 3.20217403985
2530 3.57637826636
2531 1.70903988418
2532 2.77650701762
2533 4.12233253266
2534 0.934211056126
2535 3.48607646031
2536 2.55500953326
2537 3.07759056874
2538 3.36784042739
2539 2.23556598031
2540 2.0980985914
2541 2.62115108365
2542 3.05293496108
2543 2.93226725779
2544 1.7680169914
2545 1.39564430162
2546 2.6753384754
2547 3.19324229086
2548 1.12866538403
2549 1.90036068164
2550 1.81222373211
2551 1.77350436277
2552 2.17778192207
2553 2.11680704617
2554 3.16625668663
2555 3.33053080381
2556 3.40134679742
2557 4.09073169526
2558 3.78591141535
2559 4.11771795783
2560 4.42987848842
2561 4.09580225397
2562 2.98409216825
2563 3.62661476777
2564 2.81128421439
2565 2.80567335772
2566 3.32148498746
2567 3.32881332132
2568 3.96656528674
2569 3.31798832878
2570 2.16900223156
2571 2.37189172938
2572 2.52729624371
2573 1.92071003662
2574 1.62866443382
2575 1.24754127508
2576 1.71141889277
2577 1.08350813511
2578 0.812880715859
2579 1.68204721941
2580 2.1638587593
2581 3.35398422811
2582 3.13640473445
2583 2.64486367947
2584 1.88562106229
2585 1.65056179163
2586 2.07006938774
2587 2.74662584362
2588 2.6573703477
2589 2.74829590235
2590 1.50874531697
2591 3.05746835813
2592 3.98843444171
2593 4.02030087033
2594 4.21240983125
2595 4.56694156343
2596 2.33081522178
2597 3.35962873301
2598 2.84097387741
2599 3.81340568317
2600 3.92684217669
2601 2.71963470626
2602 4.50558466223
2603 4.69325213023
2604 3.59787058102
2605 3.20881385095
2606 3.36152071025
2607 2.29584575364
2608 2.56488553293
2609 4.86950674759
2610 4.61956352009
2611 1.41037791818
2612 2.75958897945
2613 3.63671073605
2614 3.09029842213
2615 1.95218122233
2616 2.94570174425
2617 3.12187656694
2618 3.20132441077
2619 4.01651015158
2620 3.7653609747
2621 4.51305487754
2622 5.1061314676
2623 3.54389557981
2624 3.48833720258
2625 3.798342353
2626 4.09423778503
2627 4.65875153757
2628 5.43093746634
2629 2.79176234079
2630 4.30125821909
2631 1.66169457971
2632 1.98846099733
2633 4.49446214337
2634 4.64500810889
2635 5.67486442971
2636 5.23446185751
2637 4.7071224263
2638 5.12532080678
2639 5.92701233901
2640 3.31246569341
2641 2.71386083308
2642 2.33827051085
2643 5.62016440042
2644 6.35131881542
2645 6.30804921905
2646 3.02078997752
2647 4.74818709295
2648 4.71864795253
2649 5.85147653006
2650 6.3747789711
2651 6.44466207547
2652 6.40507412014
2653 5.393168939
2654 4.82750367337
2655 6.47635899268
2656 6.42198206136
2657 6.62973049963
2658 4.30305320127
2659 2.31689322758
2660 5.64387749475
2661 5.86453776805
2662 5.83340246027
2663 6.13551574404
2664 6.39703234845
2665 6.37441598315
2666 6.60026844883
2667 6.64385446147
2668 6.70903720365
2669 5.87568650261
2670 4.55667066142
2671 6.23336250462
2672 4.52184920586
2673 6.76014174692
2674 6.45502533678
2675 4.2892517077
2676 4.91844845316
2677 6.93652118873
2678 6.21061882634
2679 6.6170290248
2680 6.57994635715
2681 5.31837879424
2682 4.67877414485
2683 6.69452884713
2684 7.4361578248
2685 7.29693298439
2686 7.38419377029
2687 7.56524961139
2688 7.45893770354
2689 6.11772579707
2690 7.52476449163
2691 6.88008325947
2692 7.40093370716
2693 7.55580361087
2694 7.48951067727
2695 7.07420945855
2696 6.88612822929
2697 7.13339964377
2698 7.56271613837
2699 7.56827437406
2700 7.05955626022
2701 6.64853570041
2702 7.59820845211
2703 7.42794831715
2704 6.54078244694
2705 7.10408436993
2706 7.08102752162
2707 7.40173810539
2708 5.46850722268
2709 3.03293951011
2710 4.90699129414
2711 7.83583009403
2712 7.75294014436
2713 7.78700468586
2714 7.81445867807
2715 8.09760851727
2716 7.70715570113
2717 8.22300346384
2718 8.00073204175
2719 7.24038873932
2720 7.76167620063
2721 7.76421888711
2722 7.63796214564
2723 7.53664904089
2724 7.55303669222
2725 7.56674889096
2726 7.64088113423
2727 7.78462505545
2728 7.71251927364
2729 7.26795207518
2730 7.82976148658
2731 7.56840168058
2732 7.44524570368
2733 7.52013290176
2734 7.42160938354
2735 5.47652136401
2736 7.16666617713
2737 7.68118227543
2738 7.4184066241
2739 7.33317557606
2740 6.7633914861
2741 7.2941555669
2742 7.90462141915
2743 7.41371180543
2744 7.35680443553
2745 7.77270801783
2746 7.49743260668
2747 7.5819036455
2748 7.10436183232
2749 7.64030995444
2750 7.32382145741
2751 7.08306159935
2752 7.93428166752
2753 7.80625201869
2754 7.51944093177
2755 7.22876551851
2756 7.28605529715
2757 7.79737261581
2758 7.17732042186
2759 7.39719695399
2760 7.1876989638
2761 7.01894592675
2762 6.93235813538
2763 5.92033501466
2764 6.10881519457
2765 6.98648362222
2766 4.20851678506
2767 6.23716097521
2768 5.53581624679
2769 7.57001235077
2770 7.53999633153
2771 7.0684905333
2772 6.85663943733
2773 6.93690747821
2774 7.25839423805
2775 7.0598559381
2776 6.41221690071
2777 7.01845864142
2778 7.30334492893
2779 7.15846556502
2780 6.8881378601
2781 7.3466513675
2782 7.18406682803
2783 6.760242119
2784 6.97259281745
2785 6.57602756407
2786 5.43172444851
2787 6.93371694333
2788 6.93529449946
2789 6.78168932766
2790 6.52387706197
2791 6.34249343586
2792 6.81535809479
2793 6.73205859293
2794 6.87561542329
2795 6.33174308302
2796 6.75967789479
2797 6.73627188922
2798 6.70413470242
2799 6.38175875069
2800 6.27323564117
2801 6.23186876955
2802 6.09694648473
2803 6.16463647784
2804 6.28865168557
2805 6.41276324892
2806 6.29504860959
2807 6.33843762132
2808 6.06193095326
2809 5.95632261876
2810 6.14443402986
2811 6.23145722165
2812 5.41322600836
2813 4.27267887637
2814 6.02847075711
2815 6.07579451143
2816 5.75626034639
2817 5.99590383981
2818 6.14845609708
2819 5.70326190572
2820 6.30706476587
2821 6.15365594068
2822 5.7182115092
2823 4.51609934495
2824 5.49196199588
2825 4.55710763506
2826 5.93372149979
2827 6.06569098532
2828 5.45322368228
2829 4.89670834671
2830 5.24212783398
2831 5.67982685333
2832 5.87920021446
2833 5.58145903861
2834 4.96948544236
2835 3.46480021935
2836 2.53321937136
2837 4.49378241727
2838 2.12334817875
2839 2.31403677388
2840 2.75333600861
2841 3.0080256467
2842 5.44629759212
2843 5.09153614063
2844 5.49894405229
2845 5.22456754341
2846 5.05476524843
2847 5.2464657345
2848 5.39043707354
2849 5.41726512227
2850 4.73130150621
2851 4.36309646718
2852 4.70048930101
2853 3.40321808217
2854 3.83151968583
2855 4.35434571776
2856 4.09724974674
2857 3.63141191021
2858 3.98894944329
2859 4.39393635355
2860 4.61190475343
2861 4.25556288563
2862 4.57767625035
2863 4.39691262941
2864 4.6452905688
2865 4.72136824969
2866 4.75028082064
2867 4.68705535511
2868 4.46265509468
2869 4.46467422461
2870 4.43876966178
2871 3.80675337111
2872 3.89295402197
2873 4.1219764932
2874 4.31507755077
2875 3.94516474374
2876 3.72915478415
2877 3.11691968525
2878 2.66051690687
2879 3.10270099825
2880 2.67236012699
2881 1.26281951378
2882 2.89507256975
2883 2.53029401418
2884 3.73494151045
2885 2.40447406786
2886 2.63488226174
2887 1.47860039264
2888 1.96350002916
2889 1.15766273638
2890 3.75311247102
2891 2.90650118091
2892 2.94106025604
2893 2.48694889439
2894 3.26293726874
2895 0.53870248543
2896 2.50078021014
2897 2.61284202768
2898 1.99857198605
2899 2.63637785822
2900 2.55221847627
2901 2.89092496053
2902 2.49402797104
2903 2.32808572387
2904 1.42889913035
2905 0.659597038794
2906 2.78893047829
2907 1.81955017845
2908 2.00384482589
2909 2.78485059851
2910 2.37644530182
2911 2.26762127305
2912 2.579463771
2913 3.05282963029
2914 3.30116235849
2915 1.97195396682
2916 3.1632742413
2917 3.19151340281
2918 3.49872564122
2919 3.15093503667
2920 3.27603956837
2921 3.16381727519
2922 3.29063712104
2923 0.746756837635
2924 3.12720388654
2925 2.92219167966
2926 3.70874266181
2927 2.40689996009
2928 2.30919876068
2929 3.01773499485
2930 3.98340480884
2931 2.80292721403
2932 2.99170723753
2933 3.94460237338
2934 3.30823526017
2935 2.66763145134
2936 2.77159388734
2937 3.0483538032
2938 3.56802159609
2939 3.07352990443
2940 3.42789817763
2941 3.88208416908
2942 1.59263946207
2943 1.46225656372
2944 1.79925226371
2945 3.63685252089
2946 3.31683395611
2947 2.85265618489
2948 2.94740107236
2949 3.57914177499
2950 2.2916682296
2951 4.14774744006
2952 3.58926871268
2953 3.20975214033
2954 3.3816183293
2955 4.63715722234
2956 2.02841279038
2957 2.96034423359
2958 3.17893299561
2959 3.30752817696
2960 2.9399012801
2961 2.88756852804
2962 3.23189151717
2963 0.909678273113
2964 2.77122995255
2965 2.76760553772
2966 3.58770316701
2967 4.34851204204
2968 4.72571733197
2969 4.88764151233
2970 1.77574419057
2971 2.26274814239
2972 2.997234912
2973 4.40675004225
2974 1.91920487683
2975 4.08911706953
2976 4.34511792161
2977 3.50165127902
2978 3.11132912404
2979 3.46506886533
2980 4.57066748452
2981 5.18781333066
2982 5.41574728295
2983 4.20069639623
2984 3.75269766848
2985 4.15013060185
2986 2.60445118144
2987 4.13278835766
2988 4.49559323224
2989 5.2274604952
2990 5.82373513001
2991 5.68036304835
2992 5.94470274207
2993 5.77804275014
2994 5.58590135959
2995 4.96943899386
2996 5.16185163898
2997 5.46950123302
2998 4.59058406785
2999 4.40692229977
3000 3.77410129848
3001 1.8700537639
3002 4.08703747138
3003 4.36530146674
3004 3.70170379895
3005 3.38552872736
3006 3.96674483919
3007 4.99828421509
3008 4.34743014476
3009 5.77376436672
3010 5.94988528947
3011 5.83049529529
3012 6.51498527537
3013 6.64740411124
3014 5.98968178346
3015 5.79686833257
3016 6.1630705542
3017 5.93377422397
3018 5.96421610362
3019 3.88088208436
3020 5.45394083264
3021 6.01983606065
3022 6.40800525184
3023 6.05214058985
3024 6.75360123166
3025 6.38939072198
3026 6.40903823868
3027 6.49493397984
3028 6.35163490145
3029 6.57425885064
3030 6.39940161662
3031 7.02059396132
3032 5.57705035395
3033 4.85708492891
3034 7.16674254007
3035 7.05771197594
3036 7.384826993
3037 4.41212544009
3038 3.35610235262
3039 7.11065953545
3040 6.82041396273
3041 6.30152549896
3042 6.83664813791
3043 7.21999969564
3044 7.4243035751
3045 7.38882082906
3046 6.48966692259
3047 7.5281250089
3048 3.12141156338
3049 3.48431594411
3050 5.80406921937
3051 6.90522718776
3052 6.52574111496
3053 7.17105209458
3054 7.34638515719
3055 6.94242484078
3056 6.84060265875
3057 7.25152332816
3058 7.22090773317
3059 7.02523026308
3060 7.31760998596
3061 7.85093450202
3062 7.61943779094
3063 7.11737248119
3064 7.60421346581
3065 7.46400274439
3066 7.85480731822
3067 7.79442255162
3068 7.93842614561
3069 7.84027378982
3070 7.98545488896
3071 7.82002057833
3072 7.56756268292
3073 7.92378966799
3074 7.5526963152
3075 7.749989038
3076 7.81232785738
3077 7.38675848409
3078 7.84105626459
3079 7.88268581227
3080 7.17808022249
3081 7.87379924183
3082 7.78108534776
3083 8.17697452631
3084 7.62120314034
3085 7.38715476389
3086 4.17398421776
3087 7.98465196599
3088 7.87172935685
3089 7.91271473536
3090 7.86749572462
3091 8.13577703559
3092 7.7774481608
3093 8.00369335442
3094 8.12333482298
3095 7.45429874458
3096 8.43327363911
3097 6.79830876617
3098 7.97111620006
3099 7.29640636814
3100 8.44771835502
3101 7.87670728084
3102 7.88122931975
3103 7.99749211886
3104 7.54387794952
3105 7.48854810572
3106 7.94422261779
3107 7.97809140829
3108 5.18588086182
3109 7.88228928299
3110 7.82197527491
3111 7.72120223097
3112 7.90978680292
3113 7.84163558226
3114 8.18804194593
3115 7.83244965685
3116 8.32180101335
3117 8.04740334731
3118 7.81615096089
3119 7.84651061059
3120 7.54288579435
3121 8.00435591452
3122 7.96320748224
3123 7.74117482572
3124 7.36381228735
3125 6.74527513586
3126 8.22718791297
3127 7.11623612431
3128 8.37574903661
3129 7.93556182226
3130 7.82629417703
3131 7.78201829574
3132 7.85205839702
3133 7.64779826166
3134 7.37864956941
3135 7.54492429919
3136 7.42754591409
3137 7.39233467493
3138 7.14484194019
3139 7.08199756282
3140 7.34486432449
3141 7.25492748663
3142 6.99640988808
3143 7.38472206878
3144 4.27972349097
3145 6.97887817962
3146 7.26244073692
3147 7.20720352519
3148 7.0812559525
3149 5.28216935324
3150 6.9739551028
3151 6.77506849785
3152 7.15769847993
3153 6.77418687619
3154 7.03778595924
3155 6.54193529446
3156 6.94772159741
3157 6.96651658919
3158 6.7713456712
3159 6.66235274253
3160 6.79812526504
3161 6.41092144816
3162 6.35840230325
3163 6.40516178399
3164 2.39195367434
3165 3.38391442437
3166 6.96012699753
3167 6.98328396904
3168 6.55347579008
3169 6.47911425218
3170 6.53141932036
3171 6.87885010406
3172 6.6172289978
3173 6.75972031988
3174 6.50600207008
3175 6.25406118468
3176 6.05027116912
3177 3.00374710217
3178 4.26877784333
3179 6.52664801714
3180 6.33252720415
3181 6.54933750296
3182 6.4075033453
3183 6.02668941866
3184 6.23704936218
3185 5.93308882605
3186 5.84467399593
3187 6.12331589719
3188 6.09816494872
3189 5.75888360041
3190 6.04023538457
3191 5.94347730462
3192 6.04954304203
3193 5.64126038576
3194 5.56811443602
3195 6.03359794542
3196 5.95898738737
3197 5.86552897759
3198 5.8788280117
3199 5.81270637949
3200 1.90069846022
3201 1.64885526872
3202 2.15537123772
3203 5.62918812948
3204 5.60633621449
3205 4.57762790343
3206 5.6768138784
3207 4.27524484747
3208 4.75161123203
3209 4.75543183133
3210 4.1811203319
3211 1.92777829093
3212 5.7067871255
3213 4.38404483346
3214 5.41601933983
3215 4.67113309603
3216 1.4936010015
3217 3.56996195327
3218 3.53705787943
3219 3.78393743538
3220 3.73433286881
3221 1.14681797435
3222 5.00237142162
3223 4.53105799772
3224 4.89845320718
3225 4.30884491527
3226 4.9906467448
3227 4.62534987374
3228 3.16658883114
3229 3.1168706666
3230 3.37133051789
3231 3.89900506066
3232 1.22285400326
3233 2.09049605848
3234 4.71474078239
3235 4.69650238721
3236 4.77964042122
3237 2.4870417392
3238 3.98048519817
3239 4.25933930347
3240 2.78319020061
3241 3.38243654976
3242 3.77496781704
3243 3.22949309733
3244 3.31240712368
3245 2.48889505965
3246 1.72422114442
3247 0.943082119454
3248 2.20237389343
3249 3.87313805519
3250 3.84563702099
3251 3.84804637064
3252 3.94389576815
3253 4.03966707521
3254 3.73921586782
3255 3.66995328115
3256 2.20653894534
3257 3.25981726428
3258 2.67263994432
3259 2.62718956902
3260 2.83044653809
3261 2.79733617736
3262 3.34836109527
3263 1.91444558706
3264 2.38013178879
3265 3.15874328511
3266 3.59168719013
3267 3.53065038146
3268 3.21532146672
3269 3.85841924623
3270 3.68960605587
3271 3.91613914645
3272 3.94312293935
3273 4.11361719689
3274 3.49979823477
3275 2.94770931374
3276 1.91809994103
3277 1.26546677261
3278 3.37293205982
3279 3.47012994833
3280 0.782556248811
3281 2.71533453395
3282 2.9152474713
3283 3.1913903986
3284 3.51466137386
3285 2.9329162267
3286 3.09968020068
3287 1.17939601255
3288 3.20331852497
3289 3.42308218027
3290 2.95967437099
3291 1.46604069909
3292 4.39229836088
3293 1.88237431517
3294 3.53281646398
3295 2.91132766639
3296 2.53221808701
3297 2.65813461263
3298 3.33201687286
3299 3.75532033008
3300 4.35869033457
3301 3.17397495689
3302 2.34186457381
3303 2.24895670482
3304 1.05355479404
3305 3.10146519342
3306 2.70243255438
3307 1.11778640109
3308 1.56268794594
3309 2.84297088404
3310 2.8658245362
3311 2.71857443037
3312 2.68552221287
3313 3.73941407148
3314 3.11062039695
3315 2.04024594988
3316 2.72444481828
3317 2.27405944092
3318 1.0660518342
3319 1.79975455456
3320 2.68118414323
3321 2.94270270238
3322 2.34260060897
3323 2.02876894889
3324 3.42893435247
3325 2.74705133327
3326 2.33897025564
3327 2.77482781963
3328 2.87977829025
3329 3.56427509635
3330 1.43965202255
3331 3.03544109246
3332 2.39811242246
3333 2.39167665363
3334 2.54415189124
3335 2.93986487861
3336 3.02473094534
3337 4.10890514888
3338 4.459278374
3339 4.92687214165
3340 3.90735559667
3341 4.0318945313
3342 1.20915650192
3343 4.01032151537
3344 4.71760031925
3345 4.4500951637
3346 3.1057799548
3347 5.36671194487
3348 5.05905956143
3349 3.38185120451
3350 4.37661987817
3351 4.09146779224
3352 4.6041997212
3353 3.79769650487
3354 4.05599254042
3355 5.06999222019
3356 5.40741922464
3357 4.96048950687
3358 5.21000496774
3359 5.40121743416
3360 5.49371985674
3361 1.52293570683
3362 3.523424376
3363 3.70309371371
3364 4.82171947825
3365 5.84476862899
3366 4.85797799405
3367 5.58028353438
3368 6.24115956685
3369 5.87610467826
3370 6.31712518392
3371 5.4952233005
3372 6.10066426265
3373 5.95484300398
3374 2.89658000106
3375 5.73473745828
3376 6.12928004829
3377 5.1429164865
3378 6.48735748231
3379 6.21212519778
3380 6.43729678733
3381 5.05922440237
3382 4.57667350513
3383 3.71506335132
3384 4.40569382869
3385 4.56114608679
3386 5.4878099978
3387 1.94990045119
3388 6.51269349082
3389 5.88151589291
3390 5.30023953767
3391 4.71768156522
3392 5.53608785819
3393 6.4783508017
3394 5.97611976689
3395 4.59209637377
3396 6.27840317292
3397 6.7786360112
3398 6.7696282363
3399 6.87081527307
3400 6.70246492081
3401 6.93770227355
3402 6.6565314856
3403 6.63339720958
3404 7.06214491333
3405 7.03040274426
3406 6.80753745754
3407 6.75322801662
3408 6.88934521379
3409 5.18051294331
3410 2.30750306539
3411 3.39889351106
3412 6.7943813742
3413 6.68286911953
3414 5.60738759816
3415 6.21814445376
3416 7.61011791644
3417 7.50456603811
3418 6.55177195717
3419 7.20991366162
3420 7.2531579019
3421 7.4364895919
3422 7.34716411435
3423 6.34638095051
3424 6.59012889186
3425 7.12584725807
3426 7.13505655662
3427 7.10044423198
3428 7.25276519978
3429 7.51152364638
3430 7.69433458736
3431 7.58408342125
3432 7.39158412515
3433 7.34238926045
3434 7.34692917758
3435 7.08436227388
3436 7.2810871258
3437 7.31935597819
3438 7.41036301709
3439 6.83737235226
3440 4.89358516618
3441 7.5224168132
3442 7.53588214828
3443 7.75543164949
3444 7.47565347422
3445 7.22497502433
3446 7.28000778615
3447 7.47564616427
3448 6.73453345261
3449 7.60727846388
3450 7.07072546325
3451 5.13242041753
3452 6.35272892445
3453 7.32436370422
3454 7.47876738701
3455 6.56503617338
3456 7.17975957216
3457 6.85554129395
3458 7.27308778733
3459 6.95888024503
3460 7.25523019252
3461 7.26075083804
3462 7.64982882818
3463 7.15609825973
3464 7.36765193995
3465 7.27753655381
3466 7.48890087355
3467 7.28953641219
3468 7.17972044009
3469 7.3088546712
3470 7.13341759141
3471 7.19715970875
3472 6.91938228838
3473 6.8145298593
3474 6.41084117163
3475 6.85323359707
3476 6.98392820091
3477 7.16248912431
3478 7.46579155334
3479 6.94301356007
3480 5.2888264228
3481 6.66388625567
3482 6.81604377224
3483 7.21126047908
3484 6.87444962365
3485 7.31451567419
3486 6.88888473314
3487 6.61934170374
3488 6.86451537862
3489 6.61796505415
3490 6.69124420987
3491 6.460542079
3492 6.81751735693
3493 6.62354490008
3494 6.75563187681
3495 7.22218257285
3496 7.0203768858
3497 7.03313288178
3498 6.91737715651
3499 6.42709165193
3500 6.28631155966
3501 6.25687148427
3502 5.97725729498
3503 5.66944797258
3504 6.11994979842
3505 5.76735835494
3506 5.40302888613
3507 5.09397394406
3508 5.64527481076
3509 5.84851354464
3510 6.49412653775
3511 5.75732575346
3512 5.98647461048
3513 5.96052429792
3514 5.81925355126
3515 6.11926220848
3516 5.99833018978
3517 5.99336548241
3518 5.49988519435
3519 5.36865719131
3520 6.58564972854
3521 5.99073143115
3522 6.14117904562
3523 5.77874009426
3524 6.11272032491
3525 6.37883234139
3526 6.19939524705
3527 6.12317668885
3528 6.18877654414
3529 6.02240193482
3530 5.61136505004
3531 6.14959217242
3532 5.92400788986
3533 5.73924022008
3534 5.71115644893
3535 5.69036870795
3536 5.84731119183
3537 5.91359958951
3538 5.67193088781
3539 5.45886387979
3540 5.27318039194
3541 5.62305936822
3542 5.90198058351
3543 4.29642798198
3544 6.29121627993
3545 5.78841826151
3546 5.92073946728
3547 5.96151896388
3548 4.68782798749
3549 4.45602882899
3550 4.39329287434
3551 5.7574495674
3552 5.21449548217
3553 5.63415484352
3554 5.56754676521
3555 5.48545237466
3556 5.45534211548
3557 5.61903690413
3558 5.65642812803
3559 5.72704977537
3560 5.64420345877
3561 4.96975816217
3562 5.56755240826
3563 5.25988639949
3564 3.81575599119
3565 4.76140567489
3566 5.44444507726
3567 4.97881470617
3568 4.71988558261
3569 5.23651633963
3570 5.2992904062
3571 5.35344625215
3572 5.2216567078
3573 5.32828889527
3574 5.35742785805
3575 5.15719965362
3576 5.21324434231
3577 4.96783621761
3578 4.50693208938
3579 5.25170790328
3580 5.08792219039
3581 4.98008874818
3582 4.2844149632
3583 3.03149694532
3584 1.32343721736
3585 1.22193520774
3586 4.85054936054
3587 3.77340814172
3588 4.03291297425
3589 4.17048337016
3590 4.47075025385
3591 4.67920166771
3592 4.23316738665
3593 4.16847763597
3594 4.26998664752
3595 4.29127949642
3596 4.03412672191
3597 3.43697965919
3598 2.98996151684
3599 3.35247836595
3600 3.50508298583
3601 3.489303138
3602 3.66086662259
3603 4.00540631399
3604 4.61438540727
3605 2.54086627593
3606 3.09140365434
3607 3.3401725652
3608 4.08100447978
3609 3.1947059133
3610 3.65698528396
3611 4.34038390588
3612 4.01636322328
3613 3.08592090655
3614 2.78890756434
3615 1.74445423686
3616 1.77374895241
3617 3.74763359653
3618 3.37012139617
3619 3.01364202513
3620 3.16032549925
3621 3.285690881
3622 2.81644521806
3623 3.64027167722
3624 1.92002387558
3625 2.48701751432
3626 2.30870367579
3627 2.36421682516
3628 3.816318935
3629 3.86491691139
3630 4.26480218991
3631 4.3360890496
3632 4.2813239065
3633 3.42108470618
3634 3.9579424524
3635 0.781264864436
3636 2.5139250889
3637 2.39866428487
3638 2.43081381386
3639 2.41272571989
3640 3.24471786865
3641 2.04903100558
3642 1.681974883
3643 1.76983260027
3644 3.09398111619
3645 2.47270772316
3646 1.47312251731
3647 3.19829941238
3648 2.70293863692
3649 2.24977316902
3650 0.599118648986
3651 3.29702221807
