2.09678950579
3.20263694598
3.95623421996
4.15937317759
4.3439415423
3.34403947167
2.99806304716
2.69184326558
4.12896550639
3.31700018977
3.43277923826
3.56597378376
3.41044671028
2.49552770601
1.91573957908
2.36146665179
2.5040878999
2.78337104683
1.92064206273
2.86763294406
2.72578433771
2.18255116493
2.15927445063
2.48279814177
2.95670033816
3.19760787213
1.97034516219
2.66095152026
4.14233417789
4.09135278205
3.22916528775
3.16512276168
3.41379736584
2.75978245708
2.55215452726
2.60731629777
2.8368110071
2.39120392749
3.43651405269
1.96322618542
3.61854332708
3.92272362625
5.08033570872
2.58843235041
3.77549593827
3.21698869242
3.38457925218
6.27695234122
1.49323355538
4.20294771503
4.93040340657
4.38159619189
4.11996837893
2.80832176687
4.70882058856
5.40090738561
5.11902604516
3.58337563258
5.69277374394
4.87962976741
4.69686893479
3.64963357736
3.76249418737
4.22093802908
4.29342832798
5.46981304478
5.73866052683
5.86696016303
3.9058474356
3.13299814215
2.80459530574
3.4776444139
5.76845335692
4.85958253918
3.47325857967
2.90036747449
3.55345495625
6.48922302307
6.69695152285
4.08156844869
4.67495522657
4.62382970714
5.4554358685
5.16209407298
6.62619052157
8.01872977913
7.83728402903
8.19153316613
8.34656857945
8.34941895412
6.58218222524
7.99479189252
5.44609205534
3.97831930899
6.03832638915
6.81452586069
7.13602408713
8.62877240366
7.75248819704
4.78862197612
6.15822780887
6.96979963112
7.62512831493
3.77462075467
8.91349621073
8.30117336995
6.50898373431
4.57577008947
5.87397279757
7.62007500014
7.45650697109
4.77144495864
6.89987674363
8.30956232857
8.84630580595
8.75057756539
6.10199408164
6.94980442486
7.76935067955
6.56321423095
7.27312338555
8.14147936474
8.63452370149
8.46718007323
8.72858197614
9.03106651475
6.24181424567
9.00674768887
9.61334182198
7.32043030631
7.49339223776
6.93452115703
7.20361263885
9.25612944285
9.31315608535
9.83392918336
9.69219544458
9.88391546081
9.55012361886
9.15849405936
9.6858811977
9.04671526621
6.82390516932
8.20682243831
10.5058244002
10.2367946342
10.0834174418
9.59771521025
10.6428860033
10.4728048688
10.6417780282
10.2304051712
9.97652799021
10.1128492648
8.36993606468
7.87305050502
6.32792361332
8.76149922822
9.46349101916
6.68260126514
9.24647043644
10.1413845209
10.6995013327
10.6384468672
10.3719356757
10.3981673916
9.97512900602
10.410837646
10.0957838754
9.03384532436
10.1530349965
9.92800751497
10.3497791855
10.447259462
10.2204843961
10.146564327
9.7633447151
9.50353789407
9.57984551808
9.79594585614
10.0193406436
9.72277145457
9.32703457611
9.91787125093
9.61768528865
10.3170633639
10.1895666702
9.89918845849
8.73273364675
9.59370169846
9.81798222497
9.59541114931
9.13268212255
9.32229587149
9.65546606822
9.56060900113
8.89676874427
9.35356718573
8.99223965182
8.71201455537
8.9095326034
9.05538243117
8.74235557407
9.43230083358
9.42231085754
9.49935970933
9.31610188577
6.47954598418
9.08924987003
9.04569312565
8.58419132809
8.25406855349
9.29220848202
9.41313432627
9.24282517981
9.18277625179
9.19918564062
9.30406358783
7.7788710419
8.68816392716
8.83037244666
7.29296206634
9.01377530766
8.75161646861
8.4748612828
8.29330367158
7.97023464195
8.26914265051
8.62667600481
8.26236702049
8.80846512529
8.5679983301
8.44618056982
8.37564198637
7.93804414924
8.24665153347
7.91596685726
7.1409143062
6.31348384325
7.95637195982
7.54476856527
8.03690010195
7.57414296758
7.88670479439
7.64442172638
4.82894802122
8.20851215591
8.62124435275
8.3312850708
8.32229087605
6.67159525845
7.55870932766
7.85778032043
8.00752294806
8.02658220181
8.04242160114
8.39971767121
8.39003228433
8.51038094922
7.91033709107
8.05976838347
7.70274026598
7.87158909415
6.5840014252
8.33371129977
7.75541152981
6.94838058483
7.16260952777
7.38913012842
7.45519488648
7.31281080169
6.48333950052
7.14563741248
7.40236757751
6.64497131618
6.56677501617
4.90729034825
4.50195925187
4.05722858655
6.35186756793
5.55861147356
6.66011201706
6.51218735781
6.5874924565
6.35515576927
6.29086409145
6.45738712448
6.00048621587
5.84715491376
5.97663586117
6.18455661472
6.27735071421
6.54900738667
4.45558456895
4.27902422158
4.47904315918
5.18464575412
5.7201909975
5.34046193092
5.26985007386
5.55955980628
6.24471071629
5.34563014511
5.95700609947
5.407403816
4.66305365885
2.81812508167
3.16366817565
3.54705270813
3.31583981384
3.30492001283
3.05786667237
4.6342343531
5.00798196351
4.38619732072
4.17741294788
3.13030384421
3.17689203035
5.12200685335
4.07713801242
5.5777748069
4.11799973021
4.1243717583
4.65270092529
3.79642128133
3.43881251907
4.46799923098
5.06268881093
4.2690592417
3.99046869447
4.05393095059
4.23330318875
4.73840251935
4.77154777326
5.07724871919
4.26949503657
4.90537612794
4.97646688602
4.53218079239
5.35030141414
5.4011321671
4.66799280702
3.11828605011
2.94191217619
3.05784830216
2.12650308615
1.98350140478
2.95842684749
2.59503973435
3.28146711064
2.04346662639
2.79903085994
2.78956329706
3.57879296824
3.53380098882
3.01992724274
1.33835007951
1.73442913151
1.86512470364
1.87798587313
2.49645678351
3.05638508884
2.05295601295
2.49438709288
2.22715759882
2.32115928146
1.48754690477
2.50662017389
1.90772300266
1.5936952507
2.04365097925
3.16021545647
2.19156558376
2.86444189493
2.11445871539
2.83438525171
4.04749607705
3.87227454481
3.71275902652
3.39085186255
3.35899964812
3.36777277214
3.9663508045
3.89467774966
4.04165872645
3.91063252172
3.62944518039
4.55940087149
3.16819593332
3.90596209832
3.50000180152
3.93766153631
5.26442439014
4.77094150792
3.50350696511
2.48151831448
1.98492912272
3.12270536278
4.38948695943
4.5505534179
4.09775360874
4.71317138435
4.76587467806
4.99649192606
3.95033712186
5.55800645617
4.90470155912
5.07937843882
2.77940153347
2.65479473372
3.79860164566
4.65850608243
4.83841798144
3.29434183817
2.87792076985
3.70806616104
2.97799077211
2.56260777683
2.09303809923
2.76379515825
2.45555819128
3.90368284217
4.50695769977
3.39515243606
4.0173668737
4.97760218339
4.70880525086
3.76382894448
3.92081779928
5.63289062101
3.77944560618
3.13216695441
1.97677275879
3.17815518544
4.06191229902
4.43234710967
3.23840956896
1.09664249177
3.32165836013
5.19133128474
6.65053269985
7.28111197129
5.38237137988
5.39868211552
4.13229259976
5.00385096557
5.57813265701
5.47257707709
5.27423880031
4.67801406395
5.00983248327
6.31004233673
6.96728344828
6.71091003587
6.36789371832
4.79537984982
7.79783875077
7.15915007389
8.02619447733
6.55395067977
4.70736201135
8.24113702958
8.53078219649
8.51047307791
8.31228918073
5.40181081915
7.25026824454
6.64864589066
7.30128115532
4.82570047957
7.76669958147
6.27167510911
6.0243677368
7.10578995453
8.10852087675
8.03272034756
8.91434308411
8.67465844714
7.33821520544
7.61749272164
6.23850319019
7.98173707572
2.93334604637
3.08276033558
5.22811060924
7.01826683305
7.63209340395
8.40791380011
8.6597157968
7.26455473599
8.92698133056
9.13719784083
9.2915752687
9.48993510117
9.48621060511
9.20757717944
9.21515671678
8.97770573864
3.89761326794
8.50063064994
8.7082451187
8.38107082492
9.27708238709
8.51862524398
9.20194102476
9.09604017181
9.55543549682
9.90520190025
9.53275353071
8.48741411642
7.80556656671
9.60644705359
9.50214599958
9.56943735976
9.72351358707
9.71629730837
9.95429662356
10.1874199701
9.85554701719
10.0437221722
9.94198900523
9.62619066025
9.90650245709
9.50496272382
9.43223196657
9.58001310053
7.3948233167
9.98842075276
9.31441957685
9.90145850267
6.54906329568
4.7485659777
7.3694114339
9.95122953014
9.44597813266
4.58807213776
6.43582071421
6.63724110447
10.1537450338
9.85871433573
7.86833850265
8.63722592789
10.0032321815
10.4233799985
10.3605886508
6.89755513638
9.2828641682
10.5107027995
10.4069874475
10.4541876114
9.95403050322
9.71882317417
9.74578491493
7.1897388621
8.72178173844
10.0065865949
5.55950549329
4.08060798275
4.52087817607
6.19739111021
9.37148092672
10.1076909066
9.79352500618
9.68050986051
9.98110286892
9.60172193924
10.1888958234
10.068982068
9.51544420093
9.33093565638
9.97294924279
9.33054812384
9.39378811692
9.25493562665
9.48117356268
9.07497772661
8.48321329538
8.76510735736
9.30976553695
9.2107362614
9.26960073162
8.71389190459
8.78764576629
8.15170434182
8.50851802435
8.43806961439
9.10250791095
8.59220567365
8.64385164132
8.53302995112
7.77257655974
9.12164663741
9.204478576
8.92797445092
8.60091433252
8.37790780676
7.24786267075
8.85699196196
8.21449751745
8.60874446543
8.13559722156
8.07262158207
8.91016966434
8.9532586528
8.82337815062
8.32322926344
8.27240049529
8.02904303887
8.09399920929
8.37200248684
8.32685960216
6.77551753518
2.81764230055
7.12733386854
8.64507751755
8.93551423557
8.01886607961
8.52457553041
7.8900106995
7.93209880597
8.02117721244
5.92234309688
2.29587402966
6.54180546209
7.59688064838
7.3343286796
7.45921060027
7.55352214267
6.36931276509
6.46590610893
6.48145730034
6.40040865767
7.48904065882
7.40551077891
4.33043456493
2.62911353366
3.61716438629
6.68415814684
6.61308267465
6.84474550333
7.20257722551
5.24381401447
5.86827775663
5.98388063781
6.22283856013
6.18918819893
6.07279884684
4.25273789159
5.4305037466
6.03044579266
2.78141227285
6.13295893158
5.52861611663
6.30599371724
1.95277018334
6.17426443486
4.35331350374
2.30834626558
5.08373929515
5.15157659003
4.38903768729
4.01541810872
4.14890153064
4.79531624263
5.34532154955
4.6852703232
5.01054581185
5.3382999979
5.95165048515
5.58704636656
5.35517428985
3.70151391557
3.83636735117
4.52021428245
5.32438812424
5.20888555198
4.31692659867
5.31933960899
5.50045809742
3.94366866746
3.93756975721
4.90898774789
5.34259292009
4.15566589062
3.60594798394
3.21033441192
3.41465029478
4.19272764181
4.78098229915
4.73458981948
4.87323226165
4.86836275551
3.32848945666
3.52026513663
1.61699566247
4.08086430377
4.03253291701
3.45509884567
2.56900861616
2.26179434266
2.91531466482
3.68350310279
4.50908511002
4.36637540544
3.50792131579
3.02902384883
3.16329713249
3.62395486325
3.08662237521
3.25488210053
2.5691702389
2.14075775618
4.64904917884
3.51265867979
3.1679141419
2.98149256007
3.00915490018
2.19845557335
1.98639311771
1.71465921916
1.69963325194
2.45989826199
1.93579401115
1.87468454253
2.61063706026
2.67250525183
2.4515242332
2.68421279008
3.23626649455
3.86633242548
3.54276966071
3.62867329058
3.81996072611
2.05179077594
2.7251061042
2.58064000296
3.39828704819
2.80270471004
1.4668188668
3.50322113468
4.21163476437
3.38195782526
4.06875398837
2.26000080406
2.23823522783
3.73661313752
2.62193430142
0.509952043544
1.87194076881
2.3832524941
1.89614056256
1.79947628293
1.44691783507
1.72133722417
1.9180676032
1.94471346474
1.84037689349
2.03530308027
2.04956235344
0.974242016693
2.30719555339
2.30861880986
2.43862361337
3.06822750438
3.15677874076
2.98154831041
3.24921761051
3.86932596859
3.30536493109
3.27238124859
4.16816668227
4.82127187466
0.95444159757
1.39711189096
3.9336364131
3.8512557943
4.45770216155
3.77434657353
1.86374847803
4.22749659212
3.50820321031
3.39215218141
3.49260930486
4.05844633407
4.88184939131
5.42000151692
5.02112385324
4.45057396454
4.7685141002
4.56489242275
5.06891578944
4.65767259421
4.36123726775
3.35658492197
4.9021596672
5.38120992174
5.33314425025
5.99415027549
5.85700209725
5.98070358159
5.81557611295
4.55041140408
3.81919973187
4.42408363372
5.42905085864
3.70038192271
5.91251030133
3.76747803145
3.86519382877
1.94085448717
3.95113803955
4.08891242094
5.62333867018
6.1685051214
7.41528416317
7.62912125468
4.21289744825
6.12248589602
5.70318815101
4.62733465306
6.58185847389
6.64606800369
4.79996658942
6.77511294033
5.15690866293
5.58371778752
7.23175198154
8.0633965745
5.54423785732
5.56791064557
7.16771205809
7.78161962768
7.57269577637
2.13599455536
3.2747681538
4.45638002844
8.289581862
7.98792823859
3.43881700901
7.86192772061
8.09362835392
8.10501482504
6.25060994103
7.43280937068
6.10466447757
2.93478604943
5.36133989555
6.51291490219
2.0161915509
6.98344214068
8.37511952783
8.35039221305
7.44024105887
8.95431217473
8.625617644
9.02837184163
9.30216903246
9.46300569538
9.45966588339
9.52807797638
9.30378150175
8.85505360826
9.23509859905
9.65052782892
9.54315200109
8.84880704525
8.65599992761
8.72517125295
9.67915237354
9.75406239229
9.71914962249
7.31305402608
9.83554875809
8.00443251817
10.1457638639
9.09487080823
9.5192444207
9.27773277023
6.85943444786
5.86862331621
7.77667505215
9.28015336671
9.69673843261
9.78489290215
9.84893146655
7.78482720896
4.58078692611
9.56936339833
9.50288667494
9.86204752383
10.0010224099
10.1965943184
10.1921017237
9.63637867069
9.79252037439
9.64577889586
9.93873033697
10.1024627933
10.2739330135
10.2013978821
9.18725048001
6.11399043746
9.64800152238
9.49891834838
10.316477035
10.2336861092
10.5179925565
10.6421346699
10.0428714002
7.85059821024
7.07923369998
10.2616559672
9.85983932866
10.297844661
10.1928923416
9.97869834522
9.74381361496
10.3643382315
9.75826424662
9.80990351996
10.107322271
10.0326113014
9.49087111973
8.17851681859
7.1512184151
9.62895249048
10.1562892557
9.78860515645
9.98768699883
9.82643047223
9.77468434193
9.16579226498
8.22085018378
8.27389961937
6.30848290245
4.96726881143
4.34305206846
7.16532034118
9.78093028816
9.95159139006
9.80641798495
10.1989077075
8.84381156401
9.2247802119
9.8638139802
8.66182864289
9.15385386038
9.26296110787
9.768897405
9.36264506314
9.94544512984
9.69090833419
9.79224075359
9.56287557541
9.46996354648
7.16042860985
9.00699481065
9.09298680331
9.24987467669
9.3604250293
8.54151630705
9.0891642982
7.8347576394
8.48098528563
8.495122724
8.50329436801
7.78593111675
8.82327527496
9.04083790636
6.89878742963
8.28194163785
7.71443844814
5.42364519581
7.87224210556
8.85640125357
6.96464241378
6.26599995233
3.67588719373
2.66534528562
5.845511841
7.28702368828
8.17326707005
8.44010369451
8.18165229269
8.41786244872
8.09978367546
8.46861536673
6.66358567236
8.37692561645
6.41659111514
6.10016962064
3.03557983401
7.33607332104
8.08630904629
7.34964500149
4.47615454074
4.8495058605
8.2021782143
3.02878077709
4.87636074358
6.46081316925
6.64028323332
6.27195089431
6.53526639829
6.13827303876
7.1872114957
7.51785486172
7.47270524335
7.43210544639
7.11472013281
6.13017200868
3.25581670413
4.0588130648
4.75537262321
5.47126054099
5.97518545904
6.05118154028
6.28146842254
6.13218607269
6.24631852591
6.06207696932
5.75645614377
5.94146379339
5.40772850667
5.5772950702
6.39069462328
5.53466423523
4.85271784207
5.85696407015
5.45225290394
6.09122544366
5.98011988877
4.61238054278
4.57074522764
4.58300112404
4.61636233791
4.75416460742
4.89342682539
4.39760067474
4.90124585704
4.12078617156
2.563387391
4.59523351636
3.02141602007
5.38152438761
4.30150481166
3.998720573
4.0375780876
3.87976725621
3.1769235155
2.53555395329
3.0538227466
2.35249676757
0.817977157243
2.1906696846
2.33522652455
2.34302325121
2.70452323886
2.46623795637
1.08666194993
2.43022127206
3.70420952331
3.64150119996
3.30437387232
3.1806160131
2.82943566451
1.70767735213
2.00556873395
2.43804353453
2.89326739821
2.27859127797
2.94398418803
3.4575823608
2.91708036615
1.4749310607
1.89958577424
3.57896081576
2.21966973023
1.64788010604
2.91864288184
1.81760828401
2.87574139954
2.15541157797
1.27269393105
1.79036565583
2.02272617386
2.26517965214
1.76896577476
2.48538683241
1.90245633537
1.72058435874
2.16612823844
2.09437783888
2.07300532064
1.78620700029
1.9975063754
2.19775849526
2.14998192726
1.90971667232
2.31949448462
2.33700675906
3.01060136926
3.21579138493
2.24343201071
2.35743977917
2.98596025742
3.5648311851
2.89998799175
3.24500666912
2.21332485682
3.87731846778
3.48057158769
2.74141214721
1.52578441475
2.51576167542
1.39094367069
2.43677715552
2.60774620923
2.76422081512
3.38554477437
2.75643055849
2.63985713753
3.72025847467
3.28082268392
3.49596221975
4.81852152406
4.96456869895
3.16259912158
3.25510120854
2.7294302276
2.49826707305
3.73207211001
3.69461306091
4.52962874093
4.40885036938
5.15534977092
5.26474441121
3.19977853349
1.40733861869
3.69197351665
2.30068189325
3.64975683162
4.01462732544
4.10821411866
2.67884817979
3.46932672111
5.12290223753
4.09137556841
1.52392010808
3.51085637064
4.28966209139
2.27983362363
6.00089569012
4.7090241165
4.13266851426
4.34876984249
4.9513519915
2.79713164393
2.33557244792
4.15216403342
2.82640188313
3.69230916335
4.23689814197
4.70224973938
3.93516737899
5.0521266426
4.8792534824
6.80986791447
6.28960704993
1.94815152996
2.54039874708
5.15274840668
4.49226460971
4.75842258738
2.67642511022
3.2426385248
5.69696199977
6.01105035024
6.51386872122
4.87409559143
4.38314477062
3.77430241264
4.50191494633
2.19919871763
6.40423847648
6.3217457138
2.72821608874
5.65616250127
4.89752818225
4.64639159202
6.20934918089
7.38881070279
8.44028189792
8.57554304806
8.47724290298
8.3173226462
6.87046085559
8.36864069751
7.91401084247
8.20981407522
6.4562459198
7.4514852817
4.3981552484
4.95222114047
6.2339233326
6.76350233561
8.03275386385
8.71232284133
8.94524392476
8.85275243661
5.13908492313
6.82057725212
7.70618031594
8.67620114603
7.58477233103
7.9469215829
8.82166279889
8.9569154251
9.02863304373
9.06471854816
9.05366596471
7.90050479418
8.20334178287
8.07940819917
8.70177656574
8.85351746847
9.38185940871
9.30727839396
8.95954349453
8.42165065089
7.21058579062
5.12943318912
4.46496802775
8.87953917181
9.86058662333
8.31523193871
7.74305061701
9.13833757302
9.26954953239
9.26683116878
9.10379939997
8.43728614363
9.36211561667
6.26668735027
9.2112460702
9.73943363695
9.17953580931
4.87278707556
9.7647257769
9.98714988737
9.5459103849
10.4016287185
10.4340352061
9.18111769287
9.12397766139
9.76213703575
10.0781380265
8.02704998395
8.78037811961
9.38622361599
6.49914796726
9.78835476148
10.3845473794
10.25915092
10.2240393439
10.0228490077
10.334457072
10.378459272
10.51876272
9.73023109093
10.2609007208
9.8353123055
10.497788889
10.6046440623
10.4340043724
10.5969687506
10.6996918303
10.2512042838
10.2962465182
8.85933681256
10.1592803047
10.6275362594
10.29007483
10.0136127919
7.77541017545
10.1425516276
10.4693492674
10.2714937863
9.99716865294
7.97489084058
9.81895199788
9.71525580326
9.49782697525
9.73468379008
8.52492266666
8.90736438622
9.83996421629
9.6662441211
9.58963856212
9.50693243754
9.64785624329
9.71309354843
7.98159896548
5.83160106322
6.46475575507
6.11322823664
7.56222161977
9.6152045999
8.77664629039
9.66218969776
9.37981372244
9.0013643951
9.7136262604
9.7886777058
9.64292834323
9.52462320685
9.14480338636
9.10965671533
9.47630086961
9.47811249728
8.32012222683
9.63779032474
9.43425726693
9.48001260033
9.14428950158
6.27369074043
8.67394493013
8.81884761628
9.13029537753
8.80732021568
8.97760813525
8.60763518058
9.09587710453
8.77853461442
8.95498529072
6.8683815715
8.35080422649
6.65535730349
8.80505514399
5.47736134014
8.40405457342
6.96185943021
7.28236624457
8.85022135692
8.55567030511
8.31130109422
8.30464023481
7.46700007731
8.42007669094
8.56379774091
8.04340651182
7.59269757947
6.10924786607
7.05972133832
7.22559867922
7.063841067
7.13349812965
7.13522712407
7.34520817007
7.9063789097
7.57810852089
7.78304071201
3.92839477648
6.53394537795
5.98663696161
6.66495725407
6.11946156344
5.9032873802
6.08072789962
6.09150465573
6.76582246829
6.90697300639
6.93039491568
6.86759783402
2.66689315889
5.18211863123
4.88266800209
4.85505264681
5.90495556198
6.33405795654
5.92898619109
6.48446700909
4.26496111865
6.00521067877
5.77702212
4.75656726424
4.45626360895
5.06224915919
6.05974464109
5.93794544659
6.40196755056
6.29103510698
6.50451048263
6.47866093204
5.06107502447
3.39895898795
3.75978328071
3.97448345532
4.88159520863
4.78275835115
5.16279228998
5.44510512238
5.8095889049
5.20620378442
4.69718148576
3.93551851155
5.22797159413
4.88079569151
5.07961215047
4.67255535506
4.95938367607
3.7851294028
3.57256902717
4.24082423409
4.44978122601
4.73790580806
5.05974841784
4.18935335406
4.07844997518
3.54576196488
3.12174186172
3.62999598981
3.3690751667
2.78412281117
2.63575865631
4.03981712883
4.38708790941
5.01534804562
4.25113205823
2.64545147904
4.75047135503
4.13740502525
3.59288284374
3.94877474105
4.35627905549
4.88571450483
5.0071293987
4.76289099195
3.6200858966
1.68021840701
1.93604495151
1.73161814016
2.16625413031
3.37618457448
4.03593799492
3.17664391345
3.61762251059
4.18399716603
3.35828359157
3.13519574371
3.02260692208
2.61052759575
2.67283315469
3.32799494159
2.43464151017
2.48940279401
2.3039068094
2.61937208635
3.17865356347
2.24968543024
2.23201996033
2.10925033541
1.59640707192
1.57694990687
2.02418485028
2.46717785283
1.03379686031
2.53619506661
2.28127872225
2.96494887428
4.19975572275
3.86580467896
2.79985216816
3.21954550141
2.69375508133
3.70309823167
2.86534040419
3.68446350177
3.2032860156
0.771349856234
2.43417492556
2.01427377388
3.45782093485
1.5415429553
3.16769831743
3.10413701849
3.53612892729
4.21217895628
5.32847969035
5.26830203837
5.70013023655
4.05457243751
4.65444701026
3.39330861295
2.49771132038
2.91836716332
2.44756272172
2.57662567217
2.23285280588
4.10228366589
4.4061203745
2.95045003771
3.92157771027
3.72683534121
3.99249806399
3.55162763095
4.09606385476
5.00990644235
3.53940875698
3.4940692304
4.27433944247
4.48251669716
5.81089148478
4.47792247153
3.5660707755
4.02312828946
4.62417584125
5.39086734527
2.94490577906
2.72230562633
3.62999396341
2.04626354226
4.24817365091
2.84394142585
3.24360448391
4.79688686986
5.56955679063
5.96084417047
5.2450350699
5.20340920702
4.55559428192
2.9425055682
3.36633315037
6.07684071267
6.0156162107
6.56455026274
2.03973695231
3.47002405063
3.77109617214
4.47234655042
5.06547392264
3.48563845859
4.33412116548
6.08758634331
7.11582508378
6.74907096564
6.31759645376
5.12567956624
6.11229674472
7.29884603232
2.83814365152
6.65583201344
7.07855235426
7.7952748948
5.52391893669
5.57844765079
4.8041567582
5.3694538227
6.66449833789
6.55780294714
6.18448754845
7.67252787173
6.1165049773
7.95668547487
8.54468373067
8.61998763091
8.68947608391
8.67312030217
8.73631134746
8.91982238796
7.83190485292
8.62157077615
7.59143571934
7.53811721539
7.13286915411
8.10748054838
7.05743750761
7.1724655228
8.10767575143
7.8145590251
7.3463606222
8.69400883752
8.8162923662
6.05073546094
3.1631374572
7.3360905417
8.46328160249
9.1540336772
9.55039757174
9.33794378236
8.9554827093
6.13764873118
9.25250207989
8.89590625965
7.90131954761
8.76437741545
8.99895440369
9.52864108189
6.57582100342
6.93899331091
7.33635522522
6.22504983996
7.74793516876
8.14162370524
9.19888956292
9.47590498191
9.19416728622
9.62661307896
9.5117946624
9.41822636005
8.45262520277
9.72189511718
9.04561726762
9.70948057073
9.53176975801
9.32950397486
9.29781559411
9.22917345619
9.44795560064
9.43133575696
9.06305792969
9.02318693111
9.20298073276
9.12847317342
9.06864220136
8.65125217788
9.84476613066
9.39151190003
9.38173773689
8.66051437787
9.48359729669
9.56273753159
9.67509793587
9.21323384632
9.36256897793
9.52692063043
9.50973295542
9.23967236569
9.39729300634
9.33975008553
10.0992848165
9.8619535873
9.56941085898
9.66884437623
9.21373040008
9.17209419371
8.82704395735
9.64143142639
9.13515943996
9.32822150976
6.9176795095
7.78604039038
6.31071251468
9.25947167786
8.88766391052
9.16562128272
8.7496379701
9.05283924349
8.44847551028
8.04995282266
9.2196641276
8.91342160117
9.75216187272
9.22573858782
9.23100757431
7.93088749524
7.0343841515
8.98329179878
9.98012941097
9.73466719445
9.68075273504
9.04181475574
9.06626600819
8.86741430187
9.11482321249
8.90748631876
9.15088238129
8.96522093607
8.5643303064
9.15531963605
8.83369532818
8.34700705566
8.6265084098
8.24280988887
8.04549023184
7.78647631256
8.46327419652
7.51656049405
8.80582269264
9.0586215378
9.1630788738
8.97302172603
8.51434380136
8.69820997228
8.48030421912
7.90730876408
8.07373336466
8.77286255538
4.36354214157
3.32790284018
3.66145204048
5.33064204909
3.74927266177
3.52819926089
5.43562425076
7.08559303877
8.53663872809
6.67183732547
8.22488970524
8.3994280522
8.3105446793
8.24418628865
8.10994476888
8.25424920341
8.08379683434
7.48668482639
7.70115017599
4.58867216901
5.9600014583
7.3979362349
7.88850485056
5.19299132448
7.27053463181
7.36328394606
7.73741813153
7.99310892697
6.10296103672
7.16282728835
5.96465522692
2.8928422709
6.57046567741
6.15635366803
7.15182338828
6.88624944227
7.2668143571
7.34480017416
7.43748773463
7.30093055803
7.49972801262
6.98633865507
6.79976765506
3.95543836039
5.0693879432
4.00832722656
3.08839364504
6.83114707046
3.80333008243
3.9228300743
2.65141611761
4.04143012009
4.85127281614
4.72739195037
5.43624437345
4.56303182713
2.16520356593
3.40396217916
5.34062014505
2.36907860742
2.09137178305
4.90600822882
3.39346314482
1.48318763772
1.61323755954
2.40297494496
3.76177956195
3.58367777441
3.6871515743
3.78628707602
4.21764303743
2.49426744461
3.5385952991
3.79988964263
4.2823878156
4.81184477657
4.78091971973
1.67608622655
1.80769939719
3.55864951664
4.01720813011
4.18615648169
1.36209071034
1.22286934755
3.21009062067
3.5277481593
3.59485071447
2.61281316825
3.46008869734
3.15023727525
4.01612160166
4.07177546568
3.66807376499
2.99687214117
2.36617262305
2.8582661932
3.94261130871
2.43501987115
2.72400022828
3.04558412442
1.38182251542
1.32885432489
2.124723415
2.16966267709
2.63464604753
2.33974192596
1.50000795198
1.72225355194
2.9698321137
0.822677357465
3.08487158072
2.97634817955
3.40844065533
2.51784329547
2.93003559573
1.68998595987
4.25021587018
3.43894665878
3.84528153339
3.55723757507
0.879136776637
2.57981610152
2.59051367
2.41766024852
2.82324292087
3.47359594627
3.08865953296
3.96318449902
4.98262405389
2.40217671875
2.42786980096
2.53763151643
2.78567014414
1.13282198999
2.25654434441
3.41461869148
4.59886081458
3.6426522668
2.43713220546
2.13073583599
2.37891655982
2.59127878761
2.31156742477
2.1108380486
2.19978864367
1.70752825627
2.07577621552
3.64617095197
1.3743949161
2.25642540239
1.5141475057
1.82779365993
2.34997708112
2.62719537618
1.85396115609
2.425155014
2.0680456642
0.730373296131
1.48280691339
2.89165331143
3.29917678699
4.38368749972
4.77334455035
3.21987895614
2.256788153
2.65247014823
2.6173973751
2.99651760582
2.3713556672
3.4997761433
3.91946847839
3.49146116645
2.57083491657
0.959555113039
0.82305325857
1.517701838
3.07178458574
3.35266594132
3.73781696266
2.53536493712
1.8493627513
4.2638248044
4.67397206221
3.88088539756
1.8661495849
1.43293017837
2.38382334847
3.00564274343
4.40292016005
3.85929588525
4.34053666131
5.27763956695
3.91939300747
2.21925606251
4.97889514901
6.50246879665
4.69522083417
3.54446777421
5.54342424081
6.34447267785
5.00171965873
3.0030512946
3.13687445624
3.05266820725
2.44309507676
1.21461295183
1.87661506959
5.17170117768
6.79227283339
6.76597497498
7.03929389311
6.97759036406
7.28700956932
6.55044441826
6.68897521309
7.02293071595
2.42449914366
4.23433922833
5.96077982962
7.68665959739
7.76372787561
7.78407722839
6.96282170958
7.12403498867
2.42022222485
2.77931650978
3.2588450248
2.14787143466
3.74436246118
7.59645479276
7.60957984952
7.69326044072
8.2373108209
8.47421803108
8.31748520732
2.9016703021
4.20657621398
6.99148908784
5.68658379439
8.19926925133
7.26868119485
7.41891558551
4.13217876573
6.56611184523
8.5545894119
8.8144361163
9.09513339127
9.01638871783
8.85286841782
9.08620994527
7.80220928958
6.33853292686
3.78468034963
7.07777778792
8.91395192985
9.80158658851
9.61002354203
9.82915032367
7.68874816642
9.3107471081
8.93105648755
8.91610990041
6.52970497475
8.77455495237
4.06777094064
2.78352225183
5.72521926768
8.92838900625
5.41247481022
3.97617189232
4.87117565388
8.45842960073
7.65671685122
9.47954514721
6.06460146691
9.18510882995
7.89628701768
9.44426346668
8.02758576763
9.44722834047
9.03068317556
7.86091758772
8.57576423701
9.92654317678
9.64856548043
5.86206576336
9.21241753726
10.3368534532
10.1573442444
10.5615100203
10.4159199148
10.0913061639
10.6679451974
9.8532085374
6.15304571647
4.10856608712
8.99433801621
9.22975879324
9.86907398968
9.38824351596
9.88616893063
10.1879974124
10.0259496579
9.98896549801
10.1276951301
10.0980141749
7.61737773157
10.3412713588
9.96323193273
7.8082877245
4.90038210427
8.30445129093
10.3864542437
10.7449986309
10.4576552417
10.2640436223
10.541704744
10.2195960685
10.3621326168
10.3469166314
10.5784684062
9.36672195335
8.97304101051
9.82309784503
10.170910859
10.3733584504
10.3506544989
9.27147666685
10.3499609869
10.0316915086
9.95086507989
6.37918100229
9.94714288253
9.92804636405
10.0924556146
10.4324899141
9.97105250521
9.70468316421
5.76235676675
8.02290339251
9.0457420067
6.76483467251
9.66331349931
8.84381524311
9.34863419382
9.30086962525
8.84173394491
8.54830875913
9.15593897917
7.41534245953
9.29470423335
9.16430060571
8.57868938914
9.51206915057
9.46885550356
8.69457229349
9.16358284502
8.81840008149
8.26534858455
8.51018924911
9.4840790373
8.21085376467
9.37950080098
9.20450751759
9.18072743452
9.04815239933
9.03043858136
8.95746785702
9.15618559168
9.17423429728
5.89001066782
8.72639645392
9.13423989796
8.92778872192
7.06931925247
8.47416443793
6.6161960683
8.19043578194
6.99735419529
7.16838100747
6.9389316606
7.86696297045
5.4231146501
5.25559558353
7.07114131605
7.78585218395
7.99681251864
7.70343214519
2.35117579492
7.66351756158
8.18576814348
7.67596767935
5.21448795608
7.72879512026
7.6044881456
7.5754362417
7.60841978531
7.77253639961
7.15248073357
6.08357459508
6.09157421269
5.5226524248
5.87509986487
5.14339315291
6.54976362416
6.45739823015
6.26444862958
6.78071928177
3.6787317336
4.74066563122
4.17002851252
4.09896741007
7.01097733824
6.94155541958
3.09920012587
5.89724838122
5.52344726474
5.78227084184
5.51244375702
5.75614216572
6.02632785216
6.21418211815
5.77256986506
4.19675108536
4.33703208599
4.15895578154
2.75954348729
3.01481093049
1.33336355376
4.74978419967
5.14601569401
5.8428181569
5.90784349945
5.96672718883
5.94319480162
5.86137644763
4.72632193907
4.71417468932
5.30223253705
3.4902868674
3.40403491952
3.63963768128
4.28518888343
5.77982604459
4.36371990345
3.1673723611
2.94479181377
4.65105749981
4.70825810861
4.13135850447
1.6497846549
4.26978818393
5.14289689858
5.25005752442
4.83260859064
4.11940232985
3.17813999532
3.15689891525
3.32862484919
2.40223799677
2.71394290049
3.43505962983
4.15582258633
3.00167516378
2.06062913139
1.50440865241
1.51545262512
2.6262380025
2.71221461597
2.71950566857
3.10593783587
1.51253601541
3.40099954153
2.8893155708
2.27304898527
1.02101000259
2.89694789772
2.91844430747
2.27078944549
2.67830142181
2.24045719117
2.26823606828
2.51115213403
3.29643451061
3.85592895083
3.30486229622
2.46874056761
2.71482790881
3.48769106233
3.28297038531
3.81635942077
4.0472657709
3.26954912884
3.88928093316
3.56970075325
4.61246533669
3.75822564265
2.75371528633
2.88760701201
1.95990820616
2.00401932192
0.807163482922
1.72679207808
1.70955524674
3.33397192541
3.91649414119
2.92511488831
3.44604981146
2.38676375039
2.79165129214
1.72325008707
2.45690192145
2.02426275285
2.14790153454
3.25356513254
2.48548578732
3.71708227352
1.17459649564
1.10414970012
1.60700558799
2.29649358291
3.10436396623
3.44810048369
2.1803871882
2.46485913308
2.85806250056
3.0202855026
3.28271005487
2.64276020965
1.74405974564
3.58260679191
2.90994964024
2.29993824963
3.44640888196
3.34863803936
1.96068880174
3.89556972016
2.75797782002
2.49372876116
2.19085642889
1.66977729103
3.25771228385
4.65242200173
5.09126042654
5.43046447421
4.17274362134
3.64286093727
3.79122510714
3.71670988852
1.81846602602
2.76621415664
4.36815500146
4.93570584141
5.01047361246
3.70428344724
6.74914456914
7.0108112014
6.19414037432
4.55458802056
5.82496248595
4.43565956574
3.67114849118
3.98814753798
4.92902197706
5.93408938058
4.72744351485
5.52245743901
3.94322725534
3.78870214002
3.41751081967
3.35657977273
5.94436073478
5.70267105732
6.03774659126
3.73559605083
4.14663370354
5.718996838
7.0757742138
7.59520686792
7.7181579077
6.9978181074
6.54902631192
4.02461292262
4.59075753953
5.61311296894
4.9705127774
5.76878913711
5.77403340315
5.43415053716
6.45447621063
7.89996459556
7.70187832709
8.05494146905
6.73411264295
6.01125992984
2.12963925634
5.36490028952
3.749719414
7.13800170638
7.44730226919
8.16866275215
8.74073754336
8.84174225078
8.94512295707
8.81544234153
8.94181199032
9.22658690909
9.44934513049
8.76020699585
6.3850550181
7.74417029889
7.14402149934
8.25350433331
8.45658189653
5.68916188216
7.84718126736
3.44737309435
0.924587779829
3.59122565576
9.44906786838
9.80250764462
10.008795738
9.68501322751
9.98217935773
9.91595669137
10.0116015298
9.85063502207
9.98842074075
10.0680575971
10.1883487119
9.88372325608
10.0076419435
9.77304689416
10.2352940102
10.1438008806
10.3532022579
10.1242284737
10.3296475144
10.1432692141
9.84165099019
9.69516082314
9.30645035306
10.1985336186
8.08522653361
9.51848519894
10.0824818341
9.90525815129
9.99367540284
4.23334876673
9.47692265585
8.31699123055
9.91576038482
9.43624973716
10.3262994289
10.7203829899
10.3244131978
7.78783576619
8.65563982809
8.80236649618
9.71124559473
9.7380707071
10.3057477955
10.2102213638
10.2941823516
10.3077518633
8.11819374373
9.81041247839
9.91188642683
9.11514301056
9.68072139741
9.3100061428
8.28833087051
6.9945421755
10.2367148006
8.31465248405
9.96271607081
9.88493193551
9.57542279569
10.3822875869
10.6191194163
10.419809015
10.1058447758
10.2244574603
10.1786807549
9.99084432731
10.2157268566
9.91733662018
10.5339356609
9.74041449021
10.0160146139
9.69039814898
9.10451519353
9.08763889319
9.64937607648
9.784555549
9.57221035202
9.24032107296
9.86054758592
7.8953793746
4.7988840781
9.08547458643
8.8693088107
8.92180467144
8.15736521197
9.80737058571
9.93461015648
9.4515171402
7.94730105117
9.20970073974
9.83976805018
9.30749689492
8.91616266091
8.83185802844
8.99428418142
9.06278161952
9.27091917402
9.4062488806
4.03702961851
7.16973141822
3.74057150289
4.1958050404
8.77387535001
8.95958808526
8.35179153875
9.31488486796
9.3005016723
9.06296014097
8.50021349944
8.60053867101
9.11066272232
8.76364075518
8.54992405714
8.69881655758
8.77062124469
6.13458929088
4.85399402336
8.52452496647
7.18814866246
8.49507804429
8.07357037102
7.95527971458
8.56451688923
6.0339448218
2.91961990479
5.6409767229
8.25935011934
8.23948393277
7.65489487275
7.98082547125
7.46050971233
5.63301151682
5.32783711313
6.10904414621
6.1416226314
4.46361864711
7.07912030808
6.76142967896
7.09390066618
7.50056855918
7.76267167393
7.65113153827
6.76194779072
7.43314271052
2.43369587385
2.94142736918
7.54385532464
6.59865438877
5.49156175599
6.00037012846
6.24920535161
7.12823300915
6.51292525683
5.95170198953
6.19926307832
6.29458505825
5.79423175047
7.0400006382
5.87949075484
5.71696126585
5.8488088649
5.42550749334
5.48267326122
5.35887497454
5.21158356341
4.52047005674
4.91690072912
2.40593190984
2.49056365984
3.89991710239
4.40961334363
2.74230603262
5.04521310551
5.36788176563
3.01430628449
3.17113228771
2.99011668964
5.65618453942
6.28730264873
6.1488154349
4.29064459355
4.24108485284
1.36306952332
4.60797001949
4.4549275921
5.01756495247
5.09986656345
3.53628941377
3.40460374114
3.72168491899
1.21721527804
3.72236407041
3.21521895223
3.66059849775
2.66674634594
4.46564708425
3.81504272578
4.45393688987
4.24392706273
4.9224888743
2.12280908154
1.07012873922
1.98409048864
4.37205114573
2.95665531871
3.00706638627
4.14926212754
3.42285063029
3.64215263
4.18211522618
3.45642258947
3.42254210705
3.25061390769
3.72274001604
2.04527059235
3.23639745311
4.66172321157
1.16577048761
3.96279902979
2.90798089398
3.24930144301
3.50824289762
2.27620514347
2.07271123694
2.56835326553
3.11033795642
2.96617324903
1.94176285338
1.39865648839
2.75628436302
3.39131850274
1.36569370057
2.00523201884
1.89277383839
1.85609559359
2.17047017147
2.07488318799
3.29627216513
3.66147514743
3.61269622585
4.67952085351
4.15824725025
4.54920491609
5.23392943774
4.68208148015
3.490651063
3.97086503287
3.20740891232
3.04573981623
3.59526960026
3.55792165899
4.43593963911
3.86509967882
2.60584508146
2.42692272848
2.58055501533
1.94309196429
1.59837093662
1.32751395842
1.85689076119
1.27530077485
0.98263087595
1.68615811137
2.09407484168
3.40498715095
3.42484994433
2.71578907557
1.89275823099
1.70942338269
2.19647701539
2.81437487519
2.69849634023
2.83971213931
1.72515466189
3.18225337672
4.1546517327
4.2038876549
4.46619052935
5.1738427224
2.76215204759
3.65630687947
2.88067569371
3.87253018056
4.21302126302
3.16112659032
4.86145100653
5.20272253894
3.71844229681
3.31263027464
3.36852437493
2.61360484101
2.99722311653
5.17997407553
4.88412973452
1.65362451547
2.80889305996
3.6239322503
3.22572317718
2.15235762326
3.02237426465
3.18340837882
3.23152556914
4.06195476317
4.02731107295
4.6993647216
5.83093450649
4.01292610665
3.53678145366
3.85302953095
4.1901927727
4.94852313985
6.13514896637
3.09467981279
4.44154082594
1.94933753789
2.21665398356
4.5973212431
4.80750990564
6.17169982152
5.47962892362
5.08023225522
5.8430087647
6.49967684462
3.83379437824
3.18359061467
2.81449983759
6.20601302698
7.5216372497
7.4104349001
3.58719448965
5.37942748093
5.40260770715
6.40831392795
7.5381435149
7.69912951351
7.86257621111
6.26202134227
5.51305981545
7.48286097917
7.38413265416
7.86204912039
4.89239416496
2.7647701731
6.11855428199
6.35561612392
6.34211576237
7.08599467726
7.72780315574
8.02292478505
8.44283286448
8.76410829977
8.07664205636
6.60194283913
4.91672259078
6.8572362704
5.11742297409
7.69998127058
7.20801885503
4.94191584186
5.71487389746
7.93593090108
6.99385444596
7.43187138356
7.33729659574
5.96124337805
5.2404643319
7.84221776106
8.99497217937
9.05752103635
8.87933068557
9.38454693018
9.64268833639
7.04733971639
9.3363828479
8.55229261101
9.12528730493
9.29838069223
9.156281414
8.2336348358
8.00813538237
8.40303468838
9.24719831524
9.54126173426
7.93578742056
7.58842119272
9.52037082487
9.67782303743
8.00142930883
8.92895883805
8.84680398684
9.12560435058
6.29235605498
3.61580409351
5.70279679878
9.54689655453
10.1087640497
10.4682848137
10.1162282192
10.0128099063
9.57647959953
10.6563146734
10.2592874398
9.06633575234
10.1424847119
10.4363768192
10.478619738
10.240400663
9.71479622334
9.47647289708
9.75316197015
9.68295164928
9.5652044729
9.78817265153
10.1106954891
9.71164123122
9.54228876582
9.41272495894
9.3584117895
6.50131010495
8.82049453972
10.326721955
9.95901916248
9.56942727523
8.50542207819
9.08039424346
10.3919289415
9.91739456162
9.27952399412
9.76247509373
10.1428569205
9.98311968369
8.81686374423
10.2294190549
9.27125121934
8.72898544653
10.3167199095
10.3032158241
10.1230633728
9.69155042839
9.93469860152
10.4102691171
9.79937267934
9.81094883627
9.80586016485
9.25438847071
9.60907134695
8.72690688596
8.8161808222
9.38868442567
4.93048509831
7.44384509275
6.53810242506
9.72276725761
9.8727403072
9.49850406229
9.36032255202
9.31438884288
9.68047391008
8.89294684935
8.10203568947
8.58875643059
9.38148665664
9.59952834511
9.32868914946
9.53672192756
9.19746352238
9.33558193827
9.22064678643
8.0241918413
6.5373252793
8.80468064839
9.11466163708
9.23360675393
8.85068081368
7.78338265267
8.75607225182
8.75920207429
8.60972201115
7.92625986374
8.8329505738
8.69270071272
8.72936998123
8.71817977964
8.44888595467
8.48889864884
8.3824079701
8.00317476128
8.4299621116
8.29460478415
8.01248620586
8.13060033684
7.8007115279
7.95360646185
8.10511732565
7.93213319001
6.70241753717
5.17177485498
8.19553392578
7.97501385097
7.71708744545
7.99168577081
7.88200478639
7.54706324128
7.77890570095
7.64011874796
7.67697542827
5.4901310632
6.87522257161
5.56488552101
7.62178970891
7.49223368561
6.73695035252
5.95131501126
6.41048581386
6.87829067677
7.06869885776
6.93328818261
6.05534741502
4.09352157305
2.96524804881
5.32921276377
2.52568459465
2.76455773786
3.25182394671
3.53980193596
6.36607637608
5.89846375093
6.61829833579
5.80713384203
5.52213366887
6.17773076661
6.51701960427
6.65486957947
5.35585187999
4.95962579866
4.94378492099
3.68447121085
4.06913221154
4.51374585886
4.11439547059
3.81599468088
4.01106661377
4.73893110092
5.16099397287
4.7205714886
5.11353547288
4.73576329167
5.24934666688
5.49208884485
5.56630610062
5.49707085108
5.16975560522
5.27892125828
4.91873748483
3.82039357611
4.06981244535
4.52679846698
5.15465488849
4.59320245313
4.50375989351
3.22444832443
2.64456738596
3.04613075282
2.95766660588
1.5524805278
3.12896215351
2.64752853335
4.0883023434
2.42654745583
2.61018133253
1.71122055229
2.31874201677
1.37935070045
3.98047100186
3.14600511121
3.07771352006
2.6108921129
3.64717484836
0.669988435328
2.51250016126
2.58724817178
2.10114843531
2.6644293134
2.59169171027
2.94512499192
2.68118199384
2.32087208427
1.53439893424
0.813634367951
2.88734379745
2.03721276284
2.13701694757
2.79681666422
2.33738406306
2.23460500516
2.57095251103
3.09249944287
3.36950541369
2.28830723557
3.40864230877
3.28959777565
3.69503791874
3.48489702829
3.32575048642
3.40775847933
3.44322710036
0.939750160655
3.42183437144
3.20917791001
3.93753828834
2.53991916551
2.28881546819
3.11562707393
4.3027722508
3.11916247222
3.38322608023
4.40692568345
3.78767790203
2.91472839869
2.87063750701
3.16678940744
3.99930442578
3.47465438408
3.45534144636
4.0567596642
1.93144572789
1.74654085891
2.07773328271
4.00800739612
3.55794764893
2.89718103311
2.95048515429
3.68882283311
2.68100621734
4.52945491171
3.79684811279
3.20617224488
3.54437756645
5.28449137904
2.40932408286
3.09041515198
3.21877444727
3.50301182353
3.02461793425
2.94969246635
3.21524715019
1.10926603064
2.8191444336
2.76084453222
3.66505590356
4.55963424678
5.21300761693
5.61414027918
2.02429341836
2.29852865111
3.14856780496
4.62476747484
2.28889294736
4.37971482506
4.61748426482
3.7568085244
3.27825895569
3.4568491703
5.1239736661
6.10089280642
6.43645619195
4.50253218132
3.85476366955
4.25553879705
2.99265551521
4.31491790212
4.63910449717
6.01498666504
6.93858556868
6.6188411336
7.1484508648
6.99080075405
6.43543782127
5.35293552292
5.61189135354
5.83225194483
4.79416814298
4.55646074175
3.98769037491
2.14758578882
4.22994194779
4.49644521262
4.01049104134
3.60339176888
4.14687710518
5.19985476402
4.79207187013
6.25660033688
6.61045302452
6.77796715665
7.80408485761
7.84491320454
7.12222538652
6.27601150732
7.20148208989
6.78987684302
7.34315176392
4.52425876824
5.83801434689
6.47963781705
7.28971410132
6.95220906979
8.18755676874
7.75978670087
8.65443217305
8.47801939056
6.97297007774
7.57107707909
7.04611247101
8.57707353195
6.66931963393
5.61621185229
8.58970878621
8.73797616799
9.22124041527
5.05892611233
3.94021216101
8.34877267843
7.61905837704
6.88763438944
8.007130622
8.50720190941
9.26144485815
9.28450824557
7.68656374088
9.60588993459
3.7241307718
4.08113552289
6.50695851816
7.79856969271
7.81699850845
8.2606204187
8.7672086497
7.63992611547
7.71827518446
8.36706803096
8.5702417067
7.93578840468
8.76764100978
9.47486431653
9.59170286059
8.71938077272
9.13239074982
9.06950271954
10.1777375721
10.2792107432
10.4175125286
10.3636579172
10.3325026558
10.2449398843
9.75232683541
10.3056641228
9.58349938052
9.45515595516
9.85448509692
8.72224394774
9.37530747495
9.83847415811
8.82248910842
10.0599285684
10.1832784167
9.86446879326
8.94328172914
9.02955513285
4.87994201755
10.2622588976
10.0445469527
10.3309483905
10.4547763525
10.6507933624
10.5534780317
10.6101630135
10.7957065805
9.38399201631
10.4953198384
8.17738728898
9.6128408111
8.78433190865
10.8359752181
10.6474837971
10.4482755834
10.2728897943
10.4038238772
10.3061302012
10.6622299239
10.5128653084
6.07133362791
9.82017359718
9.63456129088
9.69409805779
10.3537880726
10.5077821444
10.8971659291
10.3308450319
10.7991180588
9.52954314276
10.5899359479
10.0976877327
10.231766044
10.5122245433
9.64083928674
10.3129248675
9.4859484098
7.94554734955
10.1226188832
8.43422073036
10.1870236833
10.4999408951
10.5129582701
10.2318652153
10.4496321927
10.3075363236
10.0981912162
10.3357847514
10.0321180611
10.1262960316
9.4649834764
9.13235563956
9.46775397938
9.54351552621
8.95170386075
9.82791305621
5.07584121991
8.50061680573
9.11570675379
9.22754614057
9.31317529672
6.41070453572
9.28998612084
8.43594434115
9.2716926455
9.08225697513
9.11945064247
7.86612547347
9.00689270877
8.92776454353
8.87668539396
8.93754383174
8.93318537991
8.84891985386
8.6924396076
8.14591426921
2.79352610926
3.98275312313
8.73898010762
8.84111064375
7.79801792658
7.79979724678
7.84403722817
8.16566150613
7.95303854464
8.20663361844
8.18683172675
7.81489496329
7.13855518972
3.54021677181
4.9657309643
8.02567438988
7.75401595672
8.02336541875
8.09857898583
7.53856764325
7.39757675338
6.61178104248
6.82946155113
7.88763618337
8.04175858145
6.78277040045
6.96972189222
6.89993724473
7.3547925066
6.2125876901
6.21403508913
7.15962823921
6.98373200137
7.04502785706
7.36088250223
7.48272536008
2.30965092831
2.0102197237
2.58077372925
6.61537805617
6.71913121105
5.21092138437
6.81981603345
4.5063660972
4.7903653944
4.79877003446
4.41432683358
2.31140377543
6.99409374892
5.04401971298
6.52491202355
4.91291663084
1.82462866132
3.77623668487
3.57710203722
3.83962155162
3.8471321667
1.42779526751
5.71571473923
4.9494446348
5.6483442845
4.85390148038
5.78284318787
5.02936623798
3.19077361024
3.11520046167
3.34180589589
3.93164867691
1.50605275991
2.51806827202
5.33456219344
5.60406210611
5.54773828863
2.87333395416
4.3764375178
4.6759912371
3.18665411531
3.88962182519
3.89936360912
3.37373650966
3.37232688582
2.76321155517
1.94105180878
1.15270759836
2.50468670647
4.12650576203
4.05258972011
3.97975678583
4.19695681566
4.47125649548
4.27561103401
4.27087965188
2.60029723434
3.3938375711
2.88742023788
2.75093331612
2.79784136831
2.88796382906
3.5689957965
1.87395245767
2.30327322214
3.21122504387
3.71028561575
3.58908764552
3.5481556539
4.01493239713
3.98984019905
4.25864292664
4.26986898675
4.77404871984
3.84739708852
2.95639992839
2.23399489555
1.54998544024
3.84884192282
3.67832356628
0.981430421342
3.08444284574
2.97412679658
3.16639053263
3.55893842145
3.18777882023
3.51663373616
1.42199772423
3.28232944504
3.4554982326
3.34488038829
1.75216006088
5.00336425595
2.24346182285
3.97843875504
2.9377190236
2.53591036665
2.6200310301
3.61717537901
4.22992505559
4.96987739608
3.71228272983
2.77207384584
2.26103313882
1.23001367046
3.20806726316
2.77630516084
1.30757144603
1.76868233319
2.91408492707
2.92523284068
2.81967037219
2.66487137602
3.90988557774
3.43223577707
2.00325894781
2.73736397237
2.26432224154
1.26898494471
2.03360244726
2.71806128179
2.97180118846
2.30191978807
1.9794925099
3.65601341695
2.79621713976
2.30893140356
2.79534357742
2.87442683742
3.73112713725
1.74547255093
3.10651293143
2.35469452875
2.38682287058
2.56291599095
2.94930524241
2.98811005413
4.4452892906
5.14548606334
5.59905501201
4.07294622001
4.13136553935
1.49685014136
4.26064876241
4.87755851007
4.63694970095
3.52406855974
6.22242159992
5.5468902468
3.52936620204
4.60652679986
4.34222220925
5.10174941111
3.94131649196
4.21450149874
5.57718708876
6.0953729728
5.29349884328
6.09375563219
6.47155832137
6.66639422212
1.85082885374
3.64435618495
3.78421852788
4.91380637482
6.84572430915
5.43245237809
6.42558477495
7.53483000984
7.29128745241
8.02074346786
6.33541516044
7.51148841749
7.6251692695
3.42717654493
6.30182165312
7.18765225442
6.04241124976
8.07173141874
7.71972830117
8.2259274448
5.38463502186
4.73437969254
3.81603660035
4.54597001862
4.73839742406
5.74602253025
2.38389063952
7.71962269904
6.55765971337
6.0462772295
5.34539566904
5.84497092758
7.72290949604
6.59440944744
5.04217043947
7.10521452606
7.85912831148
8.3402759285
8.68348634205
8.38196027496
8.98074581953
8.44363118885
8.2670129631
8.65773079945
8.85107570655
9.01998549171
9.08577258781
9.18450655821
5.98627065094
2.8074230332
4.02249555821
7.70097609246
7.60959836256
6.40928591425
7.28612288616
9.09068156622
9.59414779219
7.8768390852
8.53790721002
8.46687310623
9.18518441628
9.29872639944
7.30207359854
7.44787721811
8.45633003579
8.93730371221
9.48510159594
9.06603910298
9.23582078497
9.44815261582
9.60063929863
9.67087904906
9.77658113898
9.76650865226
9.62071002162
9.76461052517
9.70853580358
9.8552233618
8.66446211478
5.68907457015
10.099070572
10.1220276226
9.85877130284
10.0120546359
9.88018955874
9.90810219084
9.97490514935
8.13052658888
9.49653577979
8.57617440931
5.9807502902
7.42296990117
8.90879545105
9.87448482237
9.19658743037
9.68765335181
8.23654276817
9.82379739292
9.4429749716
9.48383245342
9.50098606925
9.87975294329
9.79694805596
9.85680274794
9.4910654605
9.83387186229
9.42210244792
9.77625609138
9.42861903052
9.34590303763
9.67353914169
9.49556775424
9.31890413695
8.53906647038
9.12113126969
9.61295859071
9.28679413509
9.69594908228
9.60750549244
6.60522694481
8.77814684056
9.07929757911
9.79169582503
9.10862444577
9.48400699408
9.50250834482
8.36491482398
9.12678896903
8.79691686018
8.92965541241
8.34142967707
8.94811990254
8.72078865407
9.16298010326
9.2620813429
9.14802621023
9.01663588714
9.26973197461
8.79676268868
8.37249731801
8.46801745114
8.40941771582
7.88406642356
8.38801521574
8.15115333217
7.88776588884
7.56621706783
8.03971992611
7.38401433178
8.64100040107
8.21200606056
8.40087356061
8.17558675199
8.05618502866
8.09001151966
8.33994643463
8.04790338203
7.8636171505
7.85559578018
8.56843108871
7.52394628421
8.20154395234
7.8883324357
7.96327920192
8.34989433629
8.22635256833
8.08010843701
8.08972951121
8.17554657478
7.34447021056
8.29907359094
7.87034926567
7.751331266
7.78886304117
7.70570872891
7.86506678345
7.87740311895
7.80690562482
7.36638799911
7.29126872332
7.60359173036
7.57634803076
5.10138467454
7.91713737631
6.89931319455
7.07121545903
7.1337268146
5.53830108504
5.38248516135
5.22006449382
7.5845111376
7.17189187724
7.47515379336
7.35564708867
7.37979129071
7.15444960947
7.57322293297
7.10819050404
6.83490575268
6.83792677008
6.02376851655
6.79881587252
6.68589156218
4.55035526467
5.8429439089
7.03549844632
6.6691762045
6.28978219588
7.0099682838
5.95920734126
6.0481029284
5.88159831271
6.28772580393
6.1814957949
6.04948535896
6.4745663862
5.98002286918
5.50172033874
6.46139212684
5.89375484158
6.01289078426
5.19270025947
3.56240636993
1.61548755067
1.48434422633
5.64493812389
4.13165879994
4.13290209603
4.27924412195
4.83700102568
5.49732712259
4.62017593808
4.44819412602
4.54621227708
4.58508794504
4.46236130586
3.47899249484
3.03228977773
3.48987921257
3.64239717617
3.45299962964
3.89317486793
4.52627410266
5.2961572371
3.05889040211
3.18071002564
3.40495334145
4.3630489909
3.57911729447
4.01094868682
5.04702240085
4.7111055695
3.22689800278
2.77049515291
2.01549414262
2.12446006827
4.18880215679
3.41744074344
3.19746720232
3.3024030086
3.39364277052
2.98218547798
3.84783295624
2.13122726102
2.6672743459
2.29995857064
2.48256617062
4.27060035492
4.42021060807
5.07161551133
4.95608752862
5.17774017736
3.99308694026
4.31808980464
0.964181145883
2.62892582693
2.36326595031
2.36054174606
2.5369901225
3.29857220519
2.28545925994
1.99900680689
2.10242160789
3.1430106486
2.69795311522
1.69351798635
3.30698793593
3.01671726451
2.643706455
0.755504200907
3.40808318977
