0.873131714992
0.785462117753
0.965977727716
0.641689115124
0.789523074885
0.524632509898
0.409433155255
0.489748601091
0.588612439524
0.729742862328
0.45174784544
0.501716914912
0.691975917428
0.826779146219
1.07515376723
0.65533921328
0.78337780426
1.22746958428
1.2483698012
0.549213064806
0.558452227733
0.731846171724
0.907139834977
1.24544488129
0.736620572932
0.833386739271
1.30712836857
0.738911415608
0.634740920465
0.790695990501
0.835832771502
0.551429140276
0.594121877624
0.401829881337
0.345084078905
0.324415717609
0.526919073169
0.709046945423
1.06131585018
1.37966901969
1.17405986866
1.41897778685
0.813408415637
0.714800726407
1.1047055845
1.19242380332
0.604779655751
0.590483223244
0.827634267607
1.06298152361
1.18486289526
1.28784638299
1.49770211627
1.42574489527
1.54979058794
1.26808987043
1.46186701926
1.49216870321
1.75086292817
0.906122434645
0.779704443937
1.0000344007
1.22683156179
0.936045840058
1.45028505072
1.58874846187
1.55677462286
0.613352084668
0.559992103756
0.67998920398
0.861898503999
1.10812955651
1.32522326265
1.49312138074
1.78899841757
1.5555678237
1.0878643621
1.13783541977
1.31153230408
1.07829974344
1.08942742381
1.05342273149
1.2395490929
1.46728201273
1.79977737
1.80543084276
1.26485531811
0.900285009937
1.21600269606
1.37232017859
1.28072591995
1.47988291585
1.44989487065
1.65924235512
1.762223093
1.83900423646
1.10415167277
1.24284600964
1.27646973593
1.22578427225
1.2025665724
1.57293370656
1.74797092115
1.80822721225
1.96488018476
1.79013624029
1.73784911369
1.61775979538
1.71912003063
2.05003500228
2.0347506416
2.065878641
2.05371053006
2.03852072183
1.69031540365
1.87764854976
1.96077024105
1.86665776997
2.00691475912
2.2719163044
2.0030228887
1.79289830348
1.97923088204
2.0660329487
2.08488946079
2.11834499095
2.1629374618
1.67990528475
2.09707804427
2.16612526514
2.08044329179
2.14627217044
2.00894750075
1.65171169769
1.70820674507
1.74047826786
1.84761460095
2.28660211262
2.05976083644
1.92174869159
2.02468307619
2.11235099192
2.16299759473
2.18427187385
2.03857185743
2.23853842863
2.3351435932
1.9745354619
2.51591001626
1.67859644399
2.32109406425
2.11469883168
2.13368491853
2.18163323469
2.14635155286
2.12639668672
2.12352205526
1.87112340075
2.0285250184
2.28360076932
2.31967280299
2.19790699101
2.3746768698
2.11322414925
2.11729610442
2.07286533167
1.80888735438
1.93085907898
1.90411449133
1.774554431
2.14449301725
2.0798080811
1.76981251249
1.768926393
1.75446781488
1.71697807621
1.79666568499
2.0623094361
2.09128565699
2.04829522233
2.23505250127
2.22225515569
1.78361842332
1.7853785465
2.02559449138
1.99386240299
1.84198743193
2.05284222325
1.77303681706
1.91425005642
2.23828139185
2.09402704182
2.22542221896
2.15391140981
2.04912179456
2.1613637327
2.30336417232
2.29211070463
2.17772994177
1.96322402774
1.98352256767
2.01593860004
2.05422310218
2.00679801582
1.84902104961
2.01742992468
2.05027056145
2.0122974932
1.85287463751
2.0472440106
2.19995720678
2.06109194745
2.08270716352
2.1094965409
2.12345229177
2.15256970681
2.08242457796
2.02479023642
1.9528773683
2.16921403864
2.01779397096
1.85724222935
2.07467217855
1.95318459377
1.9520921956
1.8454958291
2.01162784603
1.99343386383
1.93628600042
1.90461870433
1.92424787779
1.91206264236
1.91468525229
1.91058003684
1.82111477936
1.87416715819
1.84150579708
2.0723374292
2.00176471103
1.99587965761
2.03382084932
1.88160044006
1.85540383637
1.84693072384
1.83169725081
1.86113259244
1.72412026421
2.00490447918
1.71471836154
1.79811762989
1.73181475705
1.89035577053
1.92238904012
1.97813888787
1.99844502821
2.01668350963
1.82678012468
1.72179174288
1.71305695743
1.68558424741
1.78097241725
1.69952301092
1.68895606255
1.7033152697
1.81420106854
1.79385053746
1.67212698606
1.74396943507
1.70049293886
1.72482550706
1.7417324627
1.74624355207
1.53541569744
1.53942518642
1.34166592146
1.52816629728
1.73248260367
1.34561685847
1.3952422164
1.468093756
1.22159382731
1.40108622358
1.61918566944
1.42015056174
1.40831293315
1.41171650097
1.44860692642
1.52305465146
1.59043470209
1.58772591728
1.6239548731
1.68954642087
1.27944614119
1.3154540986
1.37123805426
1.46694224632
1.3920318409
1.34741279668
1.43900881349
1.46666113958
1.50866041922
1.57525636397
1.45670263503
1.46732792005
1.40026487025
1.25123364139
1.02573436227
0.868803075818
1.00136419872
1.03967839645
1.55381400212
1.34992670196
1.36096071111
1.02832056373
0.69946391418
0.74566703983
0.735117788919
0.823098707378
0.79204629106
0.72221830572
0.806533980215
0.904993362957
0.94650939499
1.16436104808
1.09405372242
0.830566716217
0.789706043478
0.811854689743
1.06895280502
1.1703977465
1.36488096743
0.725422113632
0.680975175824
0.669614685857
0.772644271529
1.16483469035
1.01940324195
0.83701883875
0.947656077656
0.689553717723
0.914838745914
0.930055761625
0.841174925647
0.709128337986
0.755871501702
1.06081782414
1.26061670038
1.04388067452
0.920246473237
0.68662043169
0.671617254105
0.865283163892
0.916213889567
0.780091668889
0.475938453972
0.523599268385
0.608591254369
0.989576147879
1.24701425031
0.696249976566
0.736772431779
0.904944217713
0.958299441634
1.32963637697
1.31406004953
1.34376844288
0.639790661719
0.848536493472
1.16702357446
1.26729551374
1.35415708623
1.04777646159
0.855039351615
0.672037751298
0.524418612689
0.75636386123
0.473067997528
0.545279490268
0.550378199912
0.593640024068
0.68026779267
0.975807080969
0.405509351721
0.444247092847
0.431545715692
0.754194128079
0.845009631183
1.08734694097
1.22213071431
0.741903833993
1.12219372788
0.766632056444
0.780408690445
1.06543429686
0.762698345699
0.617495859476
0.724855879128
1.13525699557
1.10677974281
1.08105044854
0.857568907997
0.950120784581
0.882011116259
1.04742510691
0.745473770913
0.672588365728
0.752530962239
0.741402259268
0.864151691143
0.659701440337
0.661849959543
0.999517400695
1.01258624446
0.971819228043
1.11494685512
1.31496634198
1.27001989138
1.35573195919
1.38327674839
1.00514554
1.05838736987
1.12164638789
1.05827798865
1.63055352094
1.70670332154
1.51802999677
1.64967031883
1.51819132039
1.0116292596
1.52190182255
1.24792622288
1.14809417528
1.36503592421
1.39918602233
1.65065550923
1.5407688513
1.34094708244
1.46093617497
1.56277294595
1.18349684973
1.03540165099
1.34864682335
1.65154356568
0.993956037012
1.21820695432
1.55806505412
1.78702008852
1.42623832488
1.41773579158
1.41510892086
1.7999121329
1.6206213093
1.77777190175
1.82518962035
1.77034572664
1.43342084529
1.49816551356
1.64769484253
1.72809191991
1.67238495474
1.71560503615
1.80519189987
1.9378196435
1.63419065426
1.72250598077
1.17474183545
1.59115043265
1.77210127448
1.92537901137
1.49968440315
1.83327477168
1.84898590013
1.72969730748
1.45704068475
1.56913521403
1.80997032324
1.96318059463
1.3357357854
1.25428251587
1.6581119548
1.82106385246
1.83694872058
1.3277007666
1.611894383
1.67773467187
2.03161461382
2.03230991763
1.94620952087
2.02096097845
1.9784154722
1.98222015238
1.97145852941
1.97706165322
1.99134894393
2.09236332913
1.85314893951
1.98259769779
2.05070476515
2.06708575131
2.04370601933
2.0558989888
1.90075706227
1.96901987995
1.85519547898
1.91059116483
2.09066721975
2.04107587387
2.03006360994
2.02496380131
2.07114612736
2.21807383094
2.29556744429
2.09959640365
2.02362106117
2.09183545729
2.24587708176
2.20089366889
2.36986676235
2.38213664745
1.68197020885
1.81071188169
2.12364991814
1.6860918915
1.91568231392
1.85896493315
1.97101851948
2.13905678573
2.00237916248
2.13331594676
2.14877053519
2.07595252518
2.2390212507
2.16651942912
2.18805387126
2.21917113917
2.12772981124
2.04864961067
2.12673951345
2.06326869756
2.01040315921
1.99336601016
2.02765977911
1.96726488287
2.17485621826
2.0393623489
2.10996846598
2.05835943594
2.14829070706
2.1884892328
2.06564013438
1.71474604759
2.0909486342
2.14282876891
2.11872839257
1.86608334047
2.0410791096
2.11014748612
2.03150789838
1.95764210867
1.91261578319
1.80440051475
1.82713428604
1.99691846601
2.29620316041
1.82545690163
1.72590002287
2.09545933046
2.08799686535
2.03174173764
2.24924673802
2.18712928738
2.2285330064
2.20129189873
1.93275954891
1.77707688995
1.92107782024
2.05930538817
1.91425125378
1.93794091974
1.83320126639
1.71652151233
1.84841490877
2.15020764267
1.94226045273
2.07168312164
1.90652153622
1.93467547754
2.02871344868
1.96302746451
1.77943563023
1.75676920965
1.81166693756
1.8092829411
1.66048622447
1.68305826952
1.70853692031
1.78170822943
1.83172274853
1.76638429257
1.78132267848
1.76445064323
1.77736652948
1.7691463529
1.82078235053
1.74977884016
1.66421261327
1.58524052318
1.74583833512
1.75276149609
1.87286771768
1.81078398243
1.76557351387
1.72546684953
1.71355012809
1.59529867935
1.56769803768
1.41339342
1.72660543494
2.01176367678
1.80103568637
1.91684149515
1.85587374821
1.83052739279
2.01558608688
1.81869744086
1.78852293056
1.76861928674
1.85585588541
1.65658808514
1.67233539843
1.71633667128
1.71119064241
1.24527429084
1.55824058094
1.74271871625
1.72571678059
1.6952024522
1.63944610065
1.57553431581
1.70625617801
1.53110838352
1.60345608193
1.6325812003
1.59780497183
1.53787186197
1.52325989072
1.66557980697
1.73446808162
1.61351451629
1.58214629479
1.61625334682
1.61647494109
1.6862846854
1.31317524748
1.34109537494
1.05411899143
1.03758093038
1.107064844
1.46859318741
1.4462088837
1.31424960848
1.18162293924
1.17782327932
1.48636799732
1.19901304528
1.43909887009
1.10621653647
1.23034771824
1.34946068176
1.17814766207
1.38405839118
1.37884399301
1.27816828542
1.2229645319
1.0660469693
0.941502107394
0.943950922733
1.02232286844
1.2369117154
1.19543823466
1.06284242011
1.10595961494
0.633144565794
0.773089918536
1.03104632734
0.807136434279
0.748478427658
0.859335861228
1.03319490996
1.08304027648
0.865938316626
1.21799950304
1.19632154377
0.862236246304
0.808811943957
1.02963596573
1.11901109129
1.13607983764
1.27884098407
1.04074674504
1.17358156332
0.944162007084
0.915080570373
1.0753528829
0.840327189719
0.626418276265
0.672313162736
0.652057199068
0.647774336888
0.728431478546
0.775654932727
0.791590964454
0.703047250107
0.630936300794
0.753695200031
0.961896323415
1.03141060847
0.962791281233
1.05352126721
0.97768023032
0.896704403502
0.663712381181
0.848403619673
0.805502806282
0.948986967078
1.00806566846
0.708224697978
0.706365358083
0.558666999801
0.691938890728
0.650580452971
0.595030728882
0.934195034079
1.16624474584
1.21659757283
1.21019541008
1.31536373535
1.30250460966
1.2165737792
1.23297704782
0.987524370078
1.03514809189
1.0754712786
1.06452322027
0.726062227936
0.607230512687
0.77673002989
0.797433222027
0.805634270618
0.608899460478
0.793554274861
0.789971293981
0.712229685032
0.77484575365
0.86975956213
0.824379289497
0.916077380543
0.669619377014
0.792266390761
1.18604910658
1.10125615987
0.88542753419
0.906688339078
0.973938903311
0.914134097132
0.821001178498
0.804955291133
0.83924423604
0.714875605355
0.952149693991
0.774568678195
1.06420858574
1.00510194942
1.33931849032
0.946663545606
0.968647036312
0.922278258686
0.855439393355
1.6120621613
0.949273968897
1.31785131423
1.35924942705
1.24080800462
1.19817972164
0.888994561044
1.28645369909
1.38731879688
1.36293847444
1.24022812954
1.60710604072
1.51787284031
1.29433235169
1.00082920836
1.10186200506
1.29818476289
1.19726208815
1.49637708067
1.56767108349
1.64568719
1.03472602212
0.836103441715
0.748249967734
0.975922605124
1.49799510765
1.35119688238
1.00206980124
0.902895448713
0.977752309957
1.62791187036
1.72887963353
1.16570535386
1.29622692993
1.32136362506
1.57662762015
1.53023367643
1.70510447981
1.81548963545
1.84090569131
1.72421865008
1.71241992414
1.87331922652
1.86145672284
1.75594234236
1.77704757887
1.30498631038
1.55632196546
1.77613255204
1.77423467526
1.87936897239
1.89113508287
1.38966787519
1.72446463572
1.86877317769
1.87122872021
1.42451582709
1.95590661737
2.00576958983
2.00986812811
1.55041016009
1.77841657582
1.92527511351
1.93137202268
1.450171877
1.8708651376
1.96895625589
1.94295486003
1.93303743906
1.78981385491
1.83765893151
1.96329991035
2.00818323748
2.08543800106
2.03100337737
1.95768472086
2.11796394818
2.05954754308
2.03614582
2.11321555088
2.25283923602
2.19002505403
2.12568452962
2.1366936814
2.11793263476
1.98100172629
2.12957674231
1.94306897958
1.94506284794
2.17715135021
1.94193987126
1.79104878439
1.958845957
2.00306546796
2.0106568364
2.18718141511
2.1898242985
2.07686971941
2.15328614173
2.31339933579
2.28953590827
2.29291674613
2.10325303557
2.13913580761
1.95987973137
2.15763622492
1.89591836207
2.40065000635
2.34418059526
2.04894601098
2.13292872455
2.14606114199
2.1656218793
2.40617319728
2.35320583612
2.03848067934
2.24049247188
2.02920825446
2.32364358459
2.03748918542
2.01416894883
1.87197083652
2.18477217848
1.90462340101
1.8777411922
1.98762323701
1.99335412313
2.02915002136
1.93003394081
1.70600427458
1.66708680705
1.86911537406
1.9752061685
1.80565860636
1.92762529368
1.84957052602
1.92092276185
1.90841880309
2.07396432764
1.97875159564
1.93667883322
1.91805068056
1.93455671268
2.01803143744
1.92607986062
2.0531243887
1.96322287079
1.89720246463
1.81820393974
1.97894129897
1.98595282253
1.68457112527
1.66385342898
1.64998356004
1.70423737526
1.59707418692
1.73741183629
1.73898033144
2.14542078611
1.96551973195
1.99637028828
2.05452451546
1.61940196168
2.1028444709
2.11817757759
1.87068828071
1.93578994257
1.84829812067
1.73831582884
1.7731979386
1.78727618714
1.96327397921
1.94034819791
1.99462439677
2.13500465907
1.88984445412
1.74892707864
1.82860414799
1.80711205289
1.88334740585
2.03446440972
1.96047348522
1.63517166038
1.82234999589
1.82158775699
1.74639098069
1.52741889153
1.48659863405
1.52062062152
1.50742015225
1.80740725061
1.76092120449
1.52319636889
1.48898796653
1.72740585463
1.68384087898
1.68234135383
1.57794037428
1.74287762977
1.72266650672
1.63157984329
1.72126535583
1.53291452245
1.96548872448
1.75731404823
1.73728036433
1.67196420177
1.49735484835
1.49531564954
1.67602889568
1.73108480317
1.65746979808
1.67537531429
1.73024157961
1.77302202377
1.72624242593
1.82054713512
1.74387020752
1.68238074531
1.66163973907
1.6214419009
1.45416717096
1.43806788215
1.49715493435
1.6984233047
1.75453308861
1.60442274087
1.56491780406
1.66555294753
1.78706056909
1.56748417931
1.58244947028
1.66297602622
1.75119765443
1.66769252229
1.62927090232
1.638794945
1.63160493368
1.63619612648
1.51523161562
1.51732783765
1.52772316789
1.54066800691
1.57389168885
1.54344846902
1.49690587875
1.35464120242
1.21351891409
1.2817254238
1.35515372482
1.39275324661
1.39205964843
1.4055895022
1.41553313619
1.4762340447
1.38808416502
1.45845707675
1.37125046271
1.34822016126
0.994398009962
0.937191659638
0.993943076551
0.958255288409
0.974791196937
0.958574995634
1.28908371873
1.42874670993
1.37500352637
1.2051040285
1.0309319745
1.04149940863
1.37410872511
1.27344301106
1.43419999904
1.21169856501
1.20869448142
1.40115999786
1.06514551116
0.993592226861
1.19146391347
1.35566260321
1.19702383959
1.19839892093
1.20275818075
1.20268601342
1.22547328513
1.32187134928
1.34445589831
1.15906749967
1.30917003072
1.33322427587
1.34197187117
1.39237692231
1.39172473669
1.39357435368
1.02141698966
0.9008983582
0.983729287087
0.800343014587
0.718792151237
0.876260997412
0.730596127164
1.02495566604
0.718805111394
0.77495186337
0.900236263264
1.14157756519
1.176143061
1.22315026512
0.475267508139
0.551216803744
0.524152291549
0.528969638786
0.700422778764
0.904315015184
0.686900701147
0.672258348287
0.630871127115
0.666410358595
0.47554215806
0.742459584339
0.510352794035
0.427913078407
0.562870878087
0.916416920562
0.71106847536
1.12486585537
0.566913643689
0.800078704393
1.11639064777
1.0979395075
1.22528279771
0.946474953919
0.987948519583
1.02051659292
1.36063182519
1.10387511403
1.16881384271
1.17958306151
1.26542999379
1.46602647825
1.18241009594
1.11376341034
0.972750663457
1.14622507432
1.36378959082
1.39456030631
1.02345799622
0.706628307455
0.642597077518
0.994886517329
1.18536153359
1.32138291519
1.13170180935
1.26349193948
1.3358450244
1.27578316362
1.1691368978
1.36814899034
1.27816786179
1.54070382415
0.80291573725
0.727775388688
1.0854262067
1.2534089233
1.38182613079
1.13767109365
0.878960381857
1.00105567263
0.799820681704
0.680652802835
0.610735432971
0.754388797318
0.768702702074
1.07209630872
1.25506861086
1.26561781435
1.10548655248
1.32357680043
1.53421649505
0.972698244148
1.09455156947
1.43740361553
0.952402216393
0.842484727153
0.695031772751
0.902134061229
1.06161842567
1.19155958491
1.00047545302
0.665280635909
0.901473980032
1.39726195962
1.57212866206
1.64994446556
1.481457055
1.43843725765
1.46600528786
1.3229194253
1.45272098856
1.64743083437
1.58961147181
1.24739764776
1.33894773086
1.60412914154
1.72840600238
1.70391198742
1.69427278609
1.6541954519
1.91724494793
1.89662087324
1.81977104816
1.69651923852
1.50136309195
1.86212729182
1.73418924159
1.91443109812
1.93852107626
1.7040587112
1.88975057482
1.71319416126
1.81128154372
1.65163766792
1.89623893502
1.68364300132
1.70681062423
1.83535733023
1.90742292146
1.90717282576
1.79960934642
1.84874291693
1.82254809442
1.92757846203
1.96256571369
2.01049310806
1.15892311606
1.17449776537
1.56530887004
1.75882836668
1.90542395896
1.94137561203
2.03846832284
2.01767995236
2.14228264108
2.10894787052
2.04786543684
1.93297266923
2.02845072525
2.10094929531
2.12829998247
2.07888122563
1.56725833036
2.00575435128
2.08368113564
2.16548281995
2.1562861929
2.18587433238
2.04713571932
1.96531589109
2.05514349959
2.05132476664
2.04465151661
2.06633824867
2.24759221647
2.06769431801
1.93392803504
1.84905610021
1.91236933874
2.02466671216
2.03657103482
2.03745421012
2.02026796214
2.05048907277
2.01236491097
2.00310114695
1.84848715017
1.67210170948
1.66433935937
1.68443982279
2.06609956055
2.04678446622
2.09270203762
1.93529545328
2.22190079721
1.99917841259
2.25963844166
2.12413011509
2.13760483276
1.84942614211
2.15394149925
2.11323027559
2.09464695049
2.13484931646
2.28266787016
2.40643500316
2.28683437087
2.25749936604
2.14368475108
2.16317825497
2.2436810065
2.1880196716
2.13979194729
1.99229140266
1.77205039215
1.81280662023
1.95666333608
2.00224415909
1.75987499194
1.90728937054
1.93791769323
1.759136554
1.91405154872
2.19336301697
2.22517266867
2.11759539044
2.10717940205
1.90748126235
1.821251854
1.75548466183
2.09654489236
1.97191617335
1.71001534702
1.93007355258
1.90404962041
1.61561277011
1.78870734374
1.68168343494
1.93160839365
1.57245603844
1.34197044818
1.51234700569
1.67166443499
1.68017321811
1.6856749878
1.56613439725
1.55228417433
1.41475928114
1.5411750727
2.17654828979
1.89763389936
1.50605595316
1.56271202643
1.67889882301
1.91005024064
1.9875835278
1.96155709646
1.68407120465
1.6205515885
1.79865030548
2.11401367421
1.89799121164
1.99438669195
1.96921710537
1.87499231251
2.09478100562
2.00549777298
1.93964181865
1.72453099412
1.85926955224
1.78792440468
1.7868647843
1.72440308929
1.69219010114
1.72192096583
1.85482748615
1.56250006602
2.01524589024
1.99871646198
1.8994758973
1.93499429337
1.75781231803
1.71988173491
1.81287713204
1.82518567687
1.92186727785
1.40155357771
1.77699164006
1.71826615557
1.74375710191
1.75274325391
1.80709366691
1.80744205336
1.59369517538
1.64355531117
1.65185453329
1.63200313556
1.91104091304
1.76229509619
1.48467367063
1.67134791004
1.6057859241
1.61986711631
1.67494087694
1.81993112435
1.7230386503
1.66134672425
1.54158758292
1.61802625051
1.56072662573
1.6913460907
1.64030594468
1.81214256911
1.60662843094
1.29145133546
1.5447709623
1.46904771947
1.64443900134
1.2290411446
1.56955515701
1.39489243901
1.10744424872
1.37101811013
1.3887646693
1.26323047866
1.17366398931
1.21475529013
1.32631546959
1.45346887646
1.32507356232
1.3663288299
1.42930584265
1.54122312094
1.52006950517
1.56076079307
1.0339610426
1.15025499886
1.23845718741
1.37297138271
1.37013783803
1.22057125623
1.3894304168
1.44252498245
1.3873376436
1.17366791171
1.33535638933
1.35629132491
1.15386644274
1.01796069571
0.933608849962
1.05598497906
1.18088363055
1.32014772884
1.35828415508
1.45132734035
1.3960934066
1.25678571174
1.3383230332
1.05976704137
1.15421240534
1.18461852362
0.993186838273
0.723444339031
0.640741060206
0.869709800871
1.08578338452
1.22067771462
1.19187943968
1.26533141071
0.863901379092
0.953672291241
1.04364283927
1.19212336776
0.942894519101
0.844281592387
1.02615857461
1.3634652927
1.01930753999
0.902046484671
0.886447992996
0.928707589453
0.790849828477
0.793120765221
0.799426908441
0.655782847372
0.695297744247
0.617339310823
0.501534804219
0.725779213667
0.768207210212
0.683418269007
0.771734458138
0.979817135785
1.12696630903
1.07197465035
1.22141726238
1.27647415501
1.08646152386
0.766888403691
0.768597764245
1.01547269969
0.833120066989
0.710697857762
1.26989983835
1.17073091354
1.0123736207
1.23090972923
0.610885317376
0.628163969104
1.09934682615
0.725888976381
0.323117040653
0.581073258543
0.717249443814
0.513085173871
0.521868782626
0.482833486764
0.54790719431
0.521627464101
0.511567884528
0.478230866678
0.566417846436
0.570055781758
0.475882499227
0.610526583181
0.629777567029
0.690574075027
0.87079110064
0.922814763042
0.816436624618
0.896245443395
1.07907445251
0.936035603011
0.967939052738
1.21695786463
1.31734721609
0.539166496048
0.593454639496
1.32399912566
1.07587694468
1.29542574167
1.02769866419
0.670822100491
1.45690475812
0.999118012152
0.991084521723
1.09189968704
1.22491978157
1.45055862659
1.45840216665
1.4943637446
1.52079262302
1.33435953471
1.32553558531
1.45197082303
1.37462952256
1.27604704033
1.1141520924
1.39930881046
1.48648030261
1.45083395096
1.48082248222
1.54667554753
1.57384499016
1.6192573777
1.24822741313
1.11525839092
1.32830791886
1.47761534116
1.52261475901
1.6884040733
1.0272798336
1.14485065149
0.992731624508
1.17406949304
1.23822983088
1.49646072962
1.65046290222
1.73427132399
1.70620864854
1.60561193871
1.6040469473
1.50566676265
1.40047867042
1.64456169162
1.71376584534
1.58780851144
1.89466739227
1.68257107987
1.48470435838
1.73094928176
1.7398648245
1.7928499679
1.4496912969
1.77874929018
1.82480956905
1.89366217382
0.900787568379
1.17046521934
1.6611844463
1.99122115327
1.94195856632
1.25280329723
1.89825119217
2.0009452386
1.97451551394
1.75702966548
1.88057802992
1.80918790067
1.26602750698
1.56048562157
1.76664207797
1.15879866246
1.92711953416
1.92398561224
1.9278375959
2.01542601794
1.9999024798
2.03193482484
1.95486861447
1.8907477571
1.81271609084
1.89208645563
1.95148643925
1.94994068619
1.86999512389
1.91506338125
1.80975088746
1.98349663756
1.9487412075
1.97592343112
2.09556171036
1.98149055767
1.83045541497
1.96585315457
2.25089982885
2.22045059942
2.10813613032
2.01600256955
2.25684821929
1.9836800386
2.16479406294
2.20643139586
1.89683090195
2.01958966677
2.10556536509
2.00283429862
1.79141491616
1.97459679035
2.26916864911
2.04912679113
2.22034951735
2.07625432588
2.05344248003
1.98163293725
1.9419159344
1.9486711716
1.93898169208
1.7844757585
2.04897247595
2.25454536007
2.24934583882
2.12212654861
2.08719558071
2.32645522791
2.21159155402
2.29876278224
2.17100821052
1.88618466269
2.08190809129
2.0263264403
2.05060269793
2.12688981835
2.3335293398
2.24126131783
2.00545009576
2.11632839223
2.08550330296
1.99226558466
1.99077752768
2.21155807118
2.29162484082
2.39876245417
2.11151142862
2.0669285118
1.90333600181
2.11593114425
2.13720175626
2.26956170237
2.29541284419
2.11108212132
2.12960583229
2.01793029456
1.92504328814
1.99544997945
2.19533860583
2.27028992565
2.24936014243
2.23344201951
2.08057857901
1.95315467472
2.27074315075
2.30241801554
2.15856326625
2.27698124014
2.2943131102
2.52958279264
2.42590157038
2.33700088823
2.32293991593
2.23254430994
2.19589356922
2.06579275107
1.9661530226
1.91550204852
1.92823111752
2.01653343179
1.99056691788
1.98624780706
2.09898357585
1.9769922036
1.86326650471
1.82369613383
1.85804882897
2.06331068259
1.98836129201
2.0226912979
1.98558240026
1.91982369903
1.85916750114
2.04994009988
2.0725216038
2.01437352817
2.06670811885
2.07559239857
2.0004229939
1.96664426513
2.06539549784
2.04557754132
2.18807142853
2.07985577535
1.78394640059
1.44605749411
1.76176702135
1.86624332853
1.90789992835
1.91934129659
1.83506485529
1.89367471532
1.82644005126
1.81361474933
1.96032602758
1.82679045848
1.67755500104
1.63535949802
1.42035384045
1.82412110527
1.81318624311
1.84211986548
1.65979132933
1.81430441335
1.86311687584
1.58168473209
1.52214869619
1.67071802733
1.67715756873
1.68536359886
1.70142521075
1.66905707429
1.70407902831
1.65374259606
1.68691796884
1.68412814902
1.69996630312
1.58638011374
1.03931631726
1.15732826174
1.33074762454
1.44189349457
1.49389168713
1.47382940831
1.45962267463
1.46896730579
1.52215559904
1.64052853562
1.63080099106
1.52562560147
1.48925312692
1.52022644076
1.53429029306
1.42965000642
1.36662412729
1.53207685118
1.47080864935
1.5121168842
1.49267942355
1.24170795147
1.22715529225
1.24996904271
1.24687347822
1.25763006812
1.29424682552
1.40136246093
1.32842232811
1.18563012724
1.09503749851
1.48230327859
1.39100706675
1.43185718446
1.19061649328
1.1488363335
1.17916629801
1.15056523754
0.905700305117
0.836528519787
1.01538912938
0.726800802617
0.493625803069
0.646656555925
0.653296903422
0.653430636469
0.815968725228
0.756783952414
0.651045408738
0.885281395683
1.07619561775
1.03563678945
1.02147545974
0.867839619182
0.803271522151
0.647134202647
0.571738006443
0.692507687765
0.810045918068
0.658274765116
0.833773709177
1.00607721654
0.818207976565
0.568140366033
0.722692281716
1.03613765953
0.622362794751
0.638491098193
0.824000931317
0.648102639605
0.905619315898
0.632267689621
0.570847333144
0.470048037343
0.582579470305
0.624402489826
0.468638207469
0.678820966539
0.494125804024
0.452907185868
0.687851219593
0.615250840188
0.567359304462
0.534718943318
0.535808868689
0.592763514053
0.573726623179
0.523645103952
0.652571142069
0.689013429852
0.823037242729
0.915033982781
0.734652308687
0.623655926331
0.811511242567
0.998956077552
0.915755431616
0.883082841682
0.786114444969
1.11539813262
1.00275591469
0.792671657071
0.686644043704
1.04362412329
0.641124886123
0.65424198024
0.6982015569
0.736819733475
0.935590929478
0.738267264452
0.703169372026
1.04370172067
0.875543658914
1.01669322377
1.39849138474
1.30240680892
0.921568675055
0.947720935989
0.722957685546
0.755593932543
1.0128690779
1.01394439312
1.20607467581
1.19235421147
1.4014904812
1.42068331507
0.85166563731
0.549007321506
1.02731098521
0.998175805738
1.42373683055
1.43132766336
1.06844029739
0.711293925718
0.932153307515
1.35788607708
1.36558304202
0.539456874942
0.940641595219
1.14034384109
1.11888026676
1.50516385986
1.28502475787
1.21911054913
1.18938920297
1.36646672089
1.0415142523
0.936846208021
1.08993769583
0.749938981577
1.00110400012
1.14230286296
1.26723567459
1.05948528799
1.35725555407
1.46194000393
1.72956867793
1.60910255094
0.971249391672
1.02422864851
1.46773727547
1.2351340927
1.28039807481
0.951087769613
1.1585884345
1.52852690956
1.53822974991
1.65214031082
1.2660737023
1.10296910694
1.00383616158
1.24442977855
0.920116532815
1.61998550851
1.78470714216
1.07608567404
1.50840511313
1.4388268978
1.40898730326
1.66244216347
1.84848719829
1.75898963514
1.79220636813
1.6631665954
1.69634560078
1.95883157356
1.90613605677
1.99696464174
1.83027642294
1.91288336614
1.81781043661
1.18893942927
1.31232284842
1.69444321722
1.83817965131
1.955934292
1.90982745196
1.95051850962
1.98918040786
1.39771564605
1.75916147162
1.90320816049
1.98772379131
1.88235438198
1.94252215109
1.99932965737
1.97964548678
1.94855995534
1.86754145229
1.87254581835
2.03062618683
2.03675954081
2.03387701387
2.125242921
2.05477771706
1.9269860194
2.09162229516
2.04447608162
1.97785553517
1.97490290107
1.84188251422
1.64671749746
2.22812136943
1.84723135329
2.26876423346
2.2842802865
2.10819211686
2.08623834781
2.04507282852
2.09469567896
2.24621980399
2.09772407591
2.03110304652
2.26278719114
2.06808691257
2.11888453619
2.08207953944
2.34174901157
2.07175465665
2.20684411426
2.01864176427
2.1351569582
2.23163540989
2.27175316732
2.2448085732
2.0438520728
2.26720927987
2.12581874992
2.3382879633
2.28234270394
2.3967919608
2.20801258846
1.87725718875
1.94427414478
2.09512564086
2.04269700524
2.10914092295
2.17629856079
2.39589922406
2.19838815595
2.26514408178
2.18005053002
2.23025169918
2.00747512631
2.03700485532
2.06633816275
2.24602894955
2.24673296631
2.19694979071
2.25126353786
2.27193810068
2.10471565165
2.13945737273
2.32822783049
2.25600064833
2.08374309659
2.05640177565
1.93620375787
2.28741605222
1.96150222296
1.96049675999
1.84532660849
1.9293711279
2.05574551036
2.30311772819
2.06079502477
2.00072808512
1.97502430837
2.21619663048
2.34299247706
2.13136787513
2.33109471245
2.12994467811
2.08435991161
2.27629208349
2.24421605768
2.2111053796
2.1757425323
2.13209238283
2.05859689107
2.09033687154
1.97821628095
2.02406367182
1.85555144273
1.84366331758
1.79360790738
1.92610943683
2.39384303658
2.22785477887
2.29007038273
2.05449242874
1.98886234507
2.12055102041
2.04621031431
2.2358389474
2.21689153198
2.1686650365
1.87793333942
1.90685487826
1.82984570218
2.08964830164
1.88880854431
1.95694206992
1.93179330917
1.87032120666
2.11047120615
2.15917431086
2.10653975589
2.0533542623
2.04135168843
1.96569047689
2.145100603
1.96458167849
1.90406406979
1.97215047121
1.93941106227
2.02270520657
2.02132430854
1.79677741048
1.80223947145
1.8615318886
1.82901600846
1.70608782451
1.73015359728
1.70177663694
1.67534196041
1.76603894295
1.92863018641
2.01741997054
1.81401379479
1.8874197805
1.75163329881
1.6667203206
1.56447319411
1.64312350592
1.64267930502
1.60159004903
1.56401603474
1.55024806727
1.64229609957
1.61422033015
1.62306532693
1.66077507226
1.30608575869
1.42155191708
1.36140154988
1.36102960962
1.5643673013
1.65008077343
1.63373645781
1.66117242084
1.56814639565
1.55330674041
1.54193479716
1.33060396116
1.29036009248
1.36286447256
1.5326311977
1.55029249247
1.58359158514
1.57175610977
1.56304884015
1.52178754157
1.34498116437
0.975054757289
1.05312026044
1.14576486428
1.31719655166
1.33160715004
1.41399949084
1.53569168642
1.50749941281
1.40980462975
1.31767786485
1.131838801
1.32511562558
1.2500633857
1.36017459781
1.21692509931
1.35153738318
1.07567131536
1.04090551878
1.21578765469
1.20783088647
1.25131076611
1.35826619404
1.18020729343
1.23822632333
1.15006776504
0.894438671018
1.04919991997
1.06753117109
1.19109908628
1.27323680467
1.42198410907
1.36224897483
1.40715140811
1.39765693559
1.22812629656
1.32850189958
1.17913336014
1.04572629569
1.08138203797
1.14713004591
1.31451654892
1.35426513594
1.31395262733
1.16965898207
0.722174020769
0.802439295414
0.82940054531
0.974155742371
1.31408993912
1.1794933042
0.923553545455
1.12172828903
1.18136704643
0.9677872003
0.856493210373
0.855983097983
0.735930251061
0.874822602349
0.912918955775
0.678239042115
0.707347867182
0.637151715088
0.746545482742
0.925586681098
0.609835943265
0.623157962264
0.560488561329
0.487339679301
0.466157553892
0.550855465113
0.684218119297
0.492861466712
0.730692423983
0.621665147819
0.802913795392
1.15347789129
1.15418210145
0.790481700984
0.884244901771
0.847599444745
1.05619907053
0.797993635748
1.04662741192
0.947825042113
0.471490987823
0.678202949022
0.755049037802
1.01501854929
0.73062600583
1.28954973983
0.943043103736
0.998262880225
1.13260901388
1.38030677554
1.32831706612
1.43412286949
1.41965977574
1.40887608319
0.894590503894
0.7736086917
0.860267581195
0.651136270704
0.820482118439
0.763352384596
1.13901430867
1.18451423535
1.02470140628
1.05345073743
1.02101345087
1.07588945116
0.941842174314
1.11659766941
1.33416313965
0.983065751165
0.928848066012
1.17787779965
1.36429845419
1.44790430939
1.26179013688
0.983925505192
1.08522384672
1.22969199737
1.41755618824
0.749970583764
0.721775471264
0.992426095817
0.833649350904
1.45924841972
0.741544141787
0.879977776971
1.29382861057
1.4094005182
1.49787144361
1.67056260214
1.27872967581
1.21182150338
1.05505876638
1.18747903532
1.64272017662
1.7352638626
1.68484256469
1.00771223226
1.0970838788
1.24818335145
1.40014105346
1.34190574074
0.886222733616
1.16079610028
1.54078354831
1.7326312817
1.73913052038
1.63778046843
1.36487944869
1.62229903252
1.85445444899
1.27715150869
1.680577317
1.77465758303
1.79441237487
1.43211422929
1.47903686646
1.32828558392
1.45853934192
1.77158455607
1.83538093369
1.90534337557
1.8142499848
1.79667479417
1.93747941582
1.89666217363
1.85127939613
1.74623261584
1.73932793383
1.69181224645
1.79296632167
1.93729525001
1.91614114101
1.94322911108
1.84703419103
1.84200311234
2.04434071169
1.86043123307
1.90108830138
2.05310537988
1.88164914062
1.89546837388
1.94092992063
2.06064234664
1.89458180606
1.32141569105
1.88799102058
2.04606220997
1.96549215501
1.97299549731
1.82967707684
1.9005611405
1.85446868219
2.08306276794
1.94658618407
1.96591808744
2.00100615707
2.02779022145
1.99175240459
1.99307921931
1.82664551666
1.92272883212
1.78631635866
1.9408470764
1.98874350826
1.81696352475
1.80886399839
1.82770632051
1.90384270105
1.94014640893
2.0309434736
2.02312012444
1.91931426113
1.76202073349
1.89309670704
1.80982299628
1.76756659097
1.6904390563
1.76387975991
2.22868798864
2.07944019904
1.9417320852
1.64473732314
1.63542393505
1.58064509198
1.59951849329
1.9456214184
1.86216040599
1.77051265824
1.85641383598
1.89675269428
2.08661707518
1.97176625149
1.86543562201
2.02765559288
1.89787822311
1.75807297479
1.72738453842
2.07111511719
2.23237727513
2.10653271668
2.05586000278
1.94422270944
2.16319831409
2.00069155538
1.79380068642
1.64266115977
1.55554098818
1.81339682188
1.88209910447
1.77542012212
1.66412594682
1.67550432916
2.07211168632
1.95118672481
2.05204088246
2.33584416654
2.11900942283
1.60418434412
1.53754409781
1.48410836556
1.80310269799
2.03799634097
1.97082521381
1.95493860011
2.24383166355
2.26779348888
2.34182682585
2.27977288639
2.16783887669
1.97197742619
1.85776416849
1.67743202549
1.69763133288
1.62022418146
1.73127959504
1.66030508715
1.76720884007
1.70595362094
1.85414909565
1.81262075661
1.71220657789
1.72991315565
1.65303581321
1.52591429117
1.45293317463
1.38621413407
1.76984457237
1.81772325028
2.1115075948
1.84140469355
1.77396255887
1.73391938621
1.648543825
1.81903606181
1.77403363861
1.38592847779
1.50960452971
1.81578764695
1.83579281552
1.7396895186
1.74626248449
1.91222896015
1.75029179915
1.72100764634
1.94455603971
1.92449007884
1.91909184892
1.71168403799
1.67760889196
1.81636850451
1.81324258421
1.92597241854
1.82900685666
1.82105748241
1.63701267954
1.71071376998
1.78265183786
1.84736949943
1.9756636891
2.02994742142
1.84501382432
1.95041208472
1.82002700772
1.95045085959
1.79701013546
1.75670280462
1.77923449338
1.66958064262
1.67051555147
1.49936112966
1.85547794028
1.76997396169
1.75299661668
1.8240981892
1.82511283319
1.71999602121
1.61405645917
1.75093224579
1.63120995322
1.689187171
1.7442800604
1.43256523745
1.53622812331
1.55895004818
1.5423985003
1.71977591148
1.61240699338
1.28003743134
1.09025417947
1.38408689425
1.4517290727
1.34447175041
1.45521050931
1.5051912809
1.03953838261
1.20320049248
1.46979445455
1.12933163669
1.02269948916
1.48415385036
1.32425726251
0.946284576634
0.830185617258
0.887454850759
1.10446447642
1.08367281504
1.05161580553
1.10653160468
1.22052854405
0.961616511372
1.18187346456
1.07922874032
1.21117608019
1.36001818515
1.50397504259
1.04710199076
1.05146083348
1.08436903311
1.1700399718
1.20345556031
0.860087840662
0.713060285714
0.910580422377
1.02623071631
1.07776505176
1.00955131175
1.01557114352
0.883601827707
1.12926366917
1.15872604134
1.06564965358
0.850879099921
0.662184219772
0.783892934206
1.112707892
0.675813207651
0.786933985366
0.906703838742
0.467306663977
0.502896549321
0.588544848594
0.613818378541
0.792553958878
0.658630109269
0.575720522634
0.595290456603
0.899375642428
0.518156822215
0.921806038711
0.874559037854
1.03277914911
0.724756202554
0.806329205954
0.719176532203
1.32706136295
0.954694900399
1.0828101776
1.01334032356
0.568359885552
0.740010684904
0.724111635608
0.669876624246
0.791748441002
1.03187376176
0.953956231193
1.11353613143
1.40245816164
0.895884265791
0.860697167322
0.698304358997
0.768244016316
0.641974640496
0.622372055732
0.982532642982
1.22045068887
1.0063176972
0.678960957076
0.567113945956
0.685082071479
0.753906031164
0.623533458895
0.606251470411
0.593642606597
0.445847443843
0.557907571358
1.01879547144
0.561746674407
0.61380062681
0.384567253246
0.481280612514
0.646964583136
0.745019293992
0.463177662316
0.64996256615
0.830154558507
0.463432757731
0.59334991865
0.867952101747
0.947562380079
1.19584885105
1.36885509767
0.857455295615
0.752613489896
0.741612707575
0.688239653056
0.815403052128
0.748778268894
0.947304829471
1.12373035359
0.915137235336
0.881560261288
0.682572951121
0.426587867467
0.525766004699
0.81737371493
0.923058083585
1.11463949929
0.966966408342
0.881310582625
1.13270185524
1.29890838903
1.08627285886
0.640032156561
0.581769543352
0.715376623841
0.959052783385
1.23855849483
1.05614215266
1.18077922978
1.49683260237
1.49519061008
0.718900665007
1.3271224446
1.60441475771
1.24301329289
1.00123424772
1.41897945074
1.67028153868
1.27978938278
0.985745690372
1.2871036835
1.39334906545
1.30583126087
0.828597020367
0.88148256311
1.58165653967
1.75011574821
1.714730175
1.73897945914
1.72556786253
1.73306553858
1.65670144516
1.74358974795
1.96556411349
0.868895997528
1.10748803791
1.51758342846
1.74042591483
1.72202685191
1.79415998999
1.93337498014
1.81872565076
0.927187139095
1.01851028842
1.0404672243
0.959804172171
1.13230503429
1.82273466287
1.85499016006
1.91035224108
1.91281205377
1.82365561209
1.92058671324
1.14792258192
1.40285498798
1.80966147384
1.95216602251
1.98595757568
1.82453432719
1.87649044877
1.64943934737
2.07990594555
2.08728309583
2.01653111859
1.93473507051
2.06754643963
2.09047531691
2.03076301566
2.13175504585
1.82383232329
1.41862487787
2.16706992323
2.15659982578
1.98008477869
2.13556829005
2.08666602833
2.10336753719
1.93173518988
1.96028133438
1.96968469471
2.09238678019
2.26833867929
1.69067773488
1.36600890524
1.75915868884
2.14104187392
2.02562531301
1.66945414417
1.88422838141
2.24912248165
2.31308255774
2.19248870419
2.06813778775
2.1239084507
2.20033119185
2.11603930306
2.19872740936
2.09492626569
2.08707031165
2.15282289732
2.37982894613
2.1279043566
2.09062720487
2.25098341155
2.43435790681
2.08170093154
2.09534228789
2.09015408614
2.4086837147
2.29991535721
2.19949999053
2.33405138847
2.25749847507
1.91568358313
2.39329015383
2.37251007912
2.45112937628
2.14061334087
2.13838303567
1.93121291514
1.87294858961
1.81364826828
1.89430517258
1.96185138117
2.18340589447
2.16650885648
2.04222167376
2.38109456773
1.99371522266
2.24453760167
2.00129145984
2.11967845719
2.0784263374
2.27090073903
2.00245593595
1.89608786117
2.09003199364
2.04342222988
2.15818022941
2.2859685737
2.38470545802
2.24910404132
2.09566692902
2.16197558633
2.19259004527
2.34458020103
2.15532016164
2.13355535042
2.1061417807
2.26337747005
2.13224625994
2.10303947657
2.14671647542
2.04701258828
1.98743006677
2.22811350695
2.14680185
2.23806305261
2.25851590126
2.14467951611
2.24222791694
2.23374500362
2.25602697529
2.26876539187
2.25797746448
2.36198424327
2.25190979896
2.23537492641
2.15628947405
2.17155558128
2.13429842781
2.14515625012
2.02657043873
2.20996061552
2.07072322996
2.15968130859
2.16371018206
2.06379721724
2.09503276394
2.13109424013
2.01300099985
1.93831908912
2.01991523214
1.79857285693
1.80805280928
1.8602243143
1.90794191188
1.85685270387
2.03028706472
2.07287824169
1.94135906652
1.96326065076
2.0080758924
1.97529702355
1.84105174388
1.90712969606
1.96254978768
1.93592455604
1.84973856905
1.81043473185
1.84072310616
1.83506972689
1.87838769121
1.94037124486
1.80110590979
1.77864580494
1.34307321968
1.74859393207
1.77905490393
1.81872465239
1.84353913677
1.78881541158
1.76114512659
1.77097241232
1.80787465664
1.84648588159
1.79114847901
1.60964873625
1.60064417722
1.5498628998
1.53820326309
1.41350786726
1.62552384919
1.62927693271
1.65515358119
1.75283178988
1.57423835556
1.69863348692
1.59557702599
1.55059358894
1.72657006185
1.73113206501
1.48087098736
1.52560439898
1.48986375962
1.58179434152
1.4568899049
1.50388710585
1.52602245423
1.58931576675
1.51483114789
1.24844597592
1.23881272766
1.33769860218
1.35054682911
1.43802150511
0.80953826846
1.35659157466
1.40578786033
1.49028233538
1.46638290644
1.50363818559
1.5287606266
1.6339778274
1.59707218336
1.5926635384
1.56289521743
1.14780972265
0.938049693063
1.05514724954
1.2491559485
1.44885188775
1.20628121905
0.887014089923
0.973604568213
1.31403314427
1.41374875937
1.38828296643
1.05807073003
1.21641967162
1.32421135609
1.31999849908
1.29471440554
1.28796238364
0.885424564911
0.960115325526
1.10770192516
1.19270301033
0.761845620786
0.984236323261
1.1694571534
0.832876917308
0.62405466742
0.532837189373
0.576642309774
0.78602509421
0.772572475397
0.771542120211
0.909213164051
0.752285462442
0.962779135952
0.827075988753
0.659721802215
0.490159164329
0.827393905445
0.916698073476
0.857999634992
0.770150199157
0.69252056927
0.631259332663
0.693045905458
0.938059750072
1.12044414147
1.13879762026
0.688758402187
0.756068294174
1.01640707809
0.945991043412
1.06661327013
1.09592939599
0.914156308274
1.09660950994
1.12424516958
1.23567710575
1.34293776054
1.25185664396
0.778354623143
0.512948027605
0.581205500121
0.439136894979
0.437166245821
0.445812778868
0.932172301463
1.07069402267
0.785844110717
0.912866823858
0.642731697952
0.770935289455
0.791236201681
0.663939944468
0.532008553849
0.575004866664
0.904569725363
0.642078167085
1.02302192654
0.378496324978
0.369467521908
0.515180799555
0.581993181399
0.840560088668
0.93148571432
0.557014715051
0.650950655458
0.749566643158
0.820470822222
0.887677921427
0.756681871578
0.734625490691
0.97252348456
0.772323202014
0.76330766971
1.02091039081
0.967870042721
0.670751313289
1.05915937936
0.965044474173
0.866217015304
0.54688961534
0.544809298607
0.858812296876
1.24714548913
1.36494622446
1.49034980047
1.12122192656
1.01160876864
1.17711049139
0.958775299405
0.643439529032
0.795483899927
1.18359836356
1.4345050716
1.48093898095
1.48297081877
1.64116201775
1.67619217287
1.70724249307
1.63032860094
1.54426565828
1.16952591192
1.08553628218
1.06961529773
1.32220748195
1.50279083165
1.2232454819
1.42791399571
1.43121443267
1.53457583961
1.03703289394
1.14088580387
1.55499394911
1.50183710415
1.61998600756
0.97542056071
1.09882455709
1.51187735188
1.70598759456
1.83242047137
1.8202910014
1.87624606418
1.66048942969
1.19058486515
1.41053477253
1.51603285552
1.43795685294
1.57943345094
1.48986010066
1.39787170935
1.61166642325
1.7955370645
1.87627163144
1.87233167463
1.86452643251
1.85408008783
1.03900878235
1.66966086632
1.22087910566
1.76391401366
1.87632930825
1.88298731816
1.86537351751
1.866037438
1.86602251931
1.957834869
1.955758098
1.9650404592
2.14483008777
2.11870422388
2.07540834366
1.96646212345
1.85099024746
1.98667192852
2.12142549901
2.09681374145
2.35756669594
1.41041765991
1.23812544768
1.94708842018
1.95528843755
1.87264463138
2.19908128536
2.20495425167
2.08574768914
2.08341379721
2.18278250923
2.22359103257
2.2228885414
2.17593489122
2.12534183113
2.19416205719
2.18221005236
2.2141355655
2.19045050512
1.97023336782
2.11108672717
2.12369404195
2.17240530846
1.99469738034
2.04756118257
2.19073718456
2.0616963733
2.05562065548
2.39393618258
2.25739399394
2.0105793247
2.02569373798
1.9681865548
1.93995901154
2.30316986171
2.23889147755
2.30103939067
2.33319603968
2.32756187143
2.2249784258
1.99121131981
2.3439822506
2.28088722878
2.32473674656
2.35006856848
2.34203730439
2.29586032783
1.95006812124
1.98401804531
2.18662310922
2.22944110106
2.30131580818
2.32196170339
2.53890670897
2.37926199652
2.40308652044
2.21588926673
2.28054797856
2.15120310421
2.24505342033
2.44121022455
2.27090416341
2.4196745384
2.35540448394
2.08307405819
1.9576810487
1.94485458959
1.96663022026
1.95578715967
1.82129921379
2.0435765779
2.13890316585
2.1350537456
1.92089345948
1.93557784386
1.8841713974
1.91646048135
2.36160324748
2.18273436889
2.10993938272
1.96314769906
2.03235557095
2.26434589171
2.23395176591
2.03421999937
2.28914958056
2.20774383232
2.37699086921
2.44122746047
2.27150283983
2.32118374958
2.25960694966
2.30067014444
2.2907441132
2.04553143199
2.13264515744
2.06998732786
1.98772000144
2.01590363169
1.94810718609
1.95593233243
2.01883236061
1.81221735553
2.24575299131
1.8240366353
1.81457004532
2.18881146548
2.16107487893
2.12510434741
1.94335083917
1.97456119367
2.06274583401
2.00326944894
2.15870980226
2.08835262721
2.060049766
2.03396945866
2.03942569597
1.96833674042
2.0649858016
1.91001791365
1.98558697998
2.11342265538
1.89835084991
1.99068413261
1.99954470896
1.95865208698
2.00569715178
1.58092346342
1.97353382725
1.94917600638
1.89289329552
1.98003403247
1.94172099838
1.99871136132
1.94274392225
1.89648256672
1.99736313702
1.90074542387
1.65199491732
1.69964218457
1.74987235553
1.7534579832
1.68492278115
1.74344859115
1.81396773876
1.81925470878
1.86335839158
1.43664369583
1.52210357831
1.84118441035
1.89440153933
1.88219049857
1.89171288972
1.88346260058
1.79198070175
1.68470089579
1.5772343493
1.61918933696
1.62469585684
1.6755589784
1.72491448146
1.54454888297
1.59892911166
1.79874633502
1.66104697476
1.57687430628
1.46111010112
1.40356988154
1.46894439923
1.64843256969
1.2388720332
1.20654811545
1.37450429932
1.31946049043
1.13904865463
1.59861087593
1.54746143129
1.28136444072
1.28490066569
1.30523576245
1.69114446585
1.5632256677
1.58093426096
1.54705678138
1.53487448441
0.866394895555
1.27638326484
1.23621281715
1.33309667533
1.41423395212
1.00274349485
0.989885705406
1.15119711626
0.887772238283
1.07164859085
0.89297362358
1.07746200867
0.985374420529
1.26027424879
1.2448761898
1.378254069
1.36222480661
1.42217331516
1.07159668591
0.803914910113
1.1281890331
1.25553594794
0.825543606812
0.899518617176
1.17413860117
0.962965289758
1.0769194538
1.21203960016
0.992867386317
0.968556166696
0.941884706264
1.09130773897
0.910701089398
1.29247727342
1.29453451945
0.70843009713
1.37073298944
0.955265766054
0.89726013006
0.996164621956
0.637036987525
0.560855610922
0.73166784464
0.904651982766
0.852610833145
0.68922947518
0.350582466598
0.746991550363
0.984028662554
0.926017510276
0.599848005632
0.542486482479
0.540539083286
0.589613879532
0.573445660119
0.930871621833
1.13638433472
1.08452517836
1.24653778878
1.23801705216
1.2915422378
1.38798239405
1.341603734
1.30316458311
1.18250482251
1.28268998125
0.903329195976
1.04856034845
1.06872347627
1.31016128139
1.38125174473
0.95244028057
0.682606562808
0.692642237808
0.497202959089
0.408471574002
0.399270698862
0.624844421519
0.513966303437
0.428338938815
0.422640868451
0.558840306124
0.915051156663
0.99000751765
0.733108773876
0.487487805633
0.507986525357
0.618882357888
0.737678324184
0.731166994325
0.772001064793
0.594047731048
0.848456382907
1.11933758899
1.13119687844
1.18834550642
1.32775530355
1.17389262995
0.998564159883
0.755318067093
1.03886346163
1.25570042893
1.06260702805
1.34201958929
1.51481184837
1.02390694578
0.850025145041
0.902815643933
0.869694295675
1.11222924172
1.42867545492
1.31010402955
0.680279976323
0.764536574693
0.973349443038
0.93923586315
0.706390833688
0.831664559103
0.814663969537
0.845736404819
1.09839384672
1.20374959048
1.24481517858
1.44314998194
1.07571630099
0.920999264077
1.01860969798
1.30688994719
1.29702746783
1.5393648952
0.915095947859
1.18258277339
0.796302865351
0.721602683614
1.23900179173
1.40313910417
1.61257984696
1.50145830188
1.42723481491
1.76605564173
1.72103512518
1.22339204437
1.11911002127
1.2028425985
1.89511800655
1.81471288844
1.84257597853
1.52225082366
1.81465646484
1.65120988322
1.61895163156
1.80894232145
1.7973480536
1.80205340725
1.94264530426
1.90712285566
1.8305074603
1.82685244064
1.88404028266
1.50095980249
1.06057046489
1.60435948749
1.65366956009
1.63230874669
1.76777689229
1.85793390971
1.84950078432
1.88007357582
1.83125784037
1.99937447757
1.96396539084
1.32202591497
1.77805353782
1.66040751239
1.96984847718
1.89017625979
1.60995059914
2.012397697
1.95612540868
1.91344866834
1.87989139111
1.97429172777
1.83872125329
1.44788853846
1.95560752314
2.07353851656
2.01381647981
2.105389762
2.16957498538
2.02228538695
2.08474389102
2.23241965071
2.20913986369
2.1029955809
2.18374047166
2.16819832126
2.26226218914
2.30323831845
2.03973757295
2.12844272068
2.16366348759
2.19313195809
2.076376924
2.11048485501
2.05119749357
2.14632209479
2.06423157649
2.184198864
2.21222919288
2.12825413224
1.6551927176
2.13455720821
2.42049551814
2.22243305386
2.10547439133
2.28327099434
2.48909298094
2.51621649924
2.46027966803
2.30225394181
2.32865393805
2.32601959321
2.18674604965
2.04736412594
2.06223940478
2.11481318329
2.14341636187
2.18807630862
2.26350057811
2.2337323325
2.03597397773
2.22851523798
2.12283604431
2.17072869362
2.42571684901
2.31084485182
2.28160374569
2.42454117037
2.13071874303
2.05692369327
2.16469880492
2.25806370063
2.38628064499
2.28897360072
2.08407807186
2.29181485459
2.34397247707
2.02505097443
2.11348313011
2.38404407058
2.19294102611
2.31371931473
2.39175505167
2.32365761676
2.25228215899
2.11050015887
2.00274332923
2.00912895975
2.23888659801
1.88221038096
2.10015723443
1.99685091823
2.06598051588
1.87151015203
1.49041583705
1.57141940846
1.980725867
2.07392922964
2.36185997427
2.30219129848
2.21481947031
2.11156875193
1.92254044781
1.7991419439
1.91027038322
2.01175482446
2.16558743075
2.08347421657
2.30101602748
2.1777468591
1.9939362687
1.89493171943
2.14023264005
2.18097179159
1.81981121698
1.98500599114
2.23074103422
2.07829992717
2.16226457969
1.99963692101
1.87119256224
1.78688285946
2.16991243574
2.06524673293
1.93653499542
1.93429743701
2.00925577815
1.96502580351
2.02197847474
2.00958207608
1.80937948521
1.78207432329
1.71170315578
1.66680279525
1.80537735318
1.74182329037
1.82556919103
1.85125368133
1.78072749331
1.70635317009
1.69227894373
1.72891357445
1.78624943644
1.89737043842
1.7294800927
1.74601078503
1.76159764084
1.68052141992
1.72648807133
1.86493382032
1.75382070805
1.95907337332
1.8995887833
1.65036835111
1.78800496315
1.81920785439
1.75556304705
1.77509252948
1.76075987054
1.78058658077
1.60363761596
1.73263767762
1.75895667169
1.75350663207
1.7664387837
1.79251534312
1.66966105139
1.52017801447
1.86727619172
1.36885369543
1.34719294298
1.53867383014
1.50320033428
1.71852352119
1.68862141199
1.64334709205
1.53871467656
1.48672087611
1.56482745392
1.62922954563
1.65065960999
1.67901100862
1.57614434925
1.38483021294
1.25572786716
1.15037659626
1.2927366995
1.20401363607
1.1578804143
1.16158086278
1.2929675972
1.37612485191
1.37437611883
1.36169551429
1.31454975583
1.40982393267
1.4715859667
1.50590059959
1.42653211711
1.38574073528
1.43548267478
1.36510951161
1.13238447495
1.16693566187
1.29321683636
1.47291987602
1.50581079009
1.45134342339
0.886501584815
0.730136670451
0.888275916284
1.00734000823
0.86468174896
0.924401631128
0.770454868011
1.17525848387
0.674789731116
0.7639340648
0.692068358361
1.15363751764
0.958355397844
1.1345272478
0.879614419571
0.83929882239
0.775290058214
1.19879848345
0.474283971539
0.691206519334
0.737788851816
0.594099414975
0.744772425321
0.71102288274
0.832528481835
0.816019140513
0.638936801979
0.467321709444
0.453896183878
0.797541213378
0.70441564367
0.653133286313
0.783098200457
0.643118687133
0.611268804981
0.705122576903
0.8749232378
0.952811732662
0.969696885788
0.924787722205
0.936832115247
1.11904936135
1.07178990494
0.940589973633
1.05508536145
1.0128536991
0.635993748017
1.01406994193
0.957395165691
1.14936655121
0.763713877176
0.638574897755
0.865057275436
1.23416576377
1.00400294553
1.19864952439
1.28651583063
1.28038856768
0.852909802926
0.762000657182
0.935491881206
1.21348345027
0.902590863854
0.989063046425
1.14030914593
0.97565968832
0.71081068086
0.752851359275
1.11436703861
0.940853452595
0.769492497117
0.794999982731
1.00342112288
1.11993707683
1.33846836622
1.01848512614
0.875330343321
1.03838447484
1.43577046544
1.13171613722
0.816640600561
0.882687617882
0.91140809069
0.808313410828
0.780953545355
0.89383805632
0.620470126948
0.772459892516
0.7335161689
0.984353649623
1.24232230374
1.35158644482
1.48772529855
0.730129623838
0.568953480913
0.850101102292
1.24275591605
0.916823895498
1.2261952773
1.24080550593
1.19733720144
0.823641880029
0.912242420117
1.36719079291
1.59046203675
1.65809555368
1.1702072282
1.0063386703
1.15541460148
0.979420759307
1.14614267232
1.30576146506
1.5541585648
1.78424837749
1.72608416658
1.83316770831
1.81377456069
1.71496235962
1.37767346349
1.48462014474
1.62388866404
1.26440755197
1.22954538353
1.23351199074
0.855094541266
1.08987285053
1.20426003521
1.17103383678
1.04916384339
1.15199258429
1.41140524125
1.45565568428
1.69610530541
1.73797791717
1.82567026289
1.94687255747
1.90655479909
1.92921355979
1.62678971928
1.74234420086
1.75743888145
1.79845294956
1.80386526261
1.51798114812
1.73870280159
1.8527518587
1.88109039683
1.92710479287
1.9467750637
1.79294869285
1.90290513401
2.06617407479
1.8926025935
2.04939007521
1.98763462617
2.01196558782
2.02121150251
2.13420911118
2.08255157823
2.07698356598
1.70599487609
1.28874752746
2.04943606454
1.95218056606
1.85655817301
1.91258923478
2.07639147393
2.08784539229
2.01912102953
2.23424319233
2.06763237511
1.46218699188
1.4749594487
1.88546737981
2.14042900014
2.221112316
2.14364543075
2.12495539488
2.2312113661
2.10674013105
2.09932205655
2.16513328867
2.21353348768
2.09952653786
2.27353770792
2.10587016181
2.07776186882
2.13787346455
2.07745235444
2.14155925368
2.16863416236
2.20123295764
2.13714484387
2.18133344042
2.10604332523
2.21780740878
2.23262973036
2.31563223142
2.38524106256
2.18270975126
2.28821834872
2.277908028
2.23138752174
2.28396893723
2.20594456655
2.17349021939
2.41659943835
2.56125543338
2.28620618395
1.98638401738
2.181132212
2.20299470725
2.17963766246
2.16008927902
2.25767964925
2.05383077686
2.15142047539
2.21908538369
2.43926032406
2.51228045167
2.459336843
2.64464407488
2.55788128899
2.41444378416
2.11433697476
2.17145046921
2.20352579788
2.0102811
1.97500739705
2.19153620269
2.27154571051
2.15325280026
2.25764044286
2.26649286012
2.25944179117
2.20308251252
2.17597221877
2.28214433983
2.26236937505
2.41545339624
2.32141490334
2.12725261096
2.1013149877
1.97311299483
2.1993426751
2.22613711936
2.18800708208
2.30349568927
2.38465704486
2.43026759747
2.51177805444
2.48913421447
2.20724245874
2.13633810442
2.23856841147
2.18600579889
2.0872208714
1.98339928924
2.0370180541
2.01674490072
1.96806043395
2.08491096171
2.13134806747
2.19020201038
2.08084674535
2.1629622627
2.11822310683
1.94307715806
2.14538994238
2.0335349162
2.06254624505
2.08569911995
1.98281173939
1.90936819267
2.1486364223
2.09541698697
1.93256937955
2.08702926589
2.30663606953
2.08587150454
2.00439375979
1.87696722079
1.82404035223
1.86777647885
1.72589203191
1.79075799546
2.02653346245
1.54282601937
1.60463132043
1.94731792156
2.02048107621
2.25891577082
2.18684840049
2.06009831371
2.12683412918
2.09233366768
2.01192690945
1.88024969428
1.91685494161
1.88355211658
1.5901881685
1.86541184981
1.90377003104
1.91670836314
1.91677188882
1.86950043446
1.95166077907
1.78023021757
1.72323665517
1.83537101211
1.85326632798
1.80209955966
1.82542436872
1.74615235086
1.78384207632
1.79579801994
1.65203394878
1.70920255034
1.75781753389
1.72333250789
1.6843479742
1.69499148333
1.69662943844
1.17297718796
1.0435562062
1.26356575917
1.6777429887
1.6410770825
1.65069478329
1.67174872956
1.24722111475
1.36952226253
1.38473031279
1.3944262892
1.2324812566
1.73743023103
1.74270276923
1.69462070828
1.3777660393
0.950651970752
1.10991704215
1.00718457237
1.10016184454
1.17860169408
0.825421429788
1.56416451905
1.36054417064
1.48518142881
1.45157555551
1.53256553085
1.42641239239
0.89982963359
0.887455852616
0.978564309605
1.16826647871
0.87856647794
1.13171024395
1.46142398943
1.46014153772
1.48830102018
0.990318748576
1.30912082905
1.33417308304
1.18345508966
1.44860093909
1.14517155532
0.98516833784
1.00759843494
0.894360708487
0.689948889639
0.633817499488
0.86784418076
1.18579151716
1.17759467341
1.17201921873
1.21262644461
1.30689679562
1.37611044423
1.40244115551
1.24531510904
0.987908595853
0.913383694575
0.757739838853
0.82666510904
0.870760606982
1.04788444515
0.512843040427
0.666674103147
0.956701068443
1.072652493
1.06040514423
1.14875968004
1.18564715902
1.14669747451
1.19263847158
1.21208494412
1.28023335996
1.21363062612
0.859432879663
0.882284066759
0.886937228696
1.37021012208
1.07958751623
0.627049357239
0.991740618611
0.846827431856
0.94421079393
1.0780727407
1.02925713696
1.13462799994
0.911603818321
0.934973255223
1.00439615353
1.19759296537
1.05855167337
1.41143970247
0.969682624405
1.208931229
0.875882473328
0.695621401799
0.741507745947
1.10702534389
1.28432440673
1.3726148702
1.32917962091
1.07769698603
0.623915499102
0.480934957188
0.896510906787
0.75771435865
0.514087210997
0.605331612595
0.824962699147
0.805444443307
0.803506686773
0.711038210708
1.08795306206
1.06065621266
0.523380586259
0.745067530473
0.596929789869
0.509240978991
0.715046708502
0.720964456156
0.836639588675
0.613340197976
0.518067163389
0.981805078405
0.764748076319
0.657106491371
0.738251270014
0.76264368501
1.04677882326
0.758695238247
0.898328300698
0.62774174031
0.614856609709
0.764351791962
0.799783081495
0.794163145237
1.24680664964
1.46040353396
1.41041951653
1.07039482489
1.12008105171
0.725408275151
1.16702544069
1.32769505246
1.24616743765
1.23185835935
1.57317033035
1.44029597476
0.912386903054
1.21144833235
1.1432717391
1.33154373453
1.03015343733
1.13598394401
1.49060881185
1.58963436016
1.45131235086
1.63061832519
1.68209893877
1.72575462595
0.820120287459
0.98671651036
0.996516848446
1.35643929093
1.69937323907
1.46924280832
1.66941661643
1.81172052719
1.75846367273
1.83463976972
1.64777048357
1.82893613926
1.80600402822
1.14696696225
1.65456027013
1.86363667659
1.87131879926
1.90355690223
1.77143280093
1.85779259951
1.39682588455
1.28246599651
0.990153944656
1.1995211208
1.30480320716
1.58519486323
1.06408641072
1.84951521777
1.65753411687
1.69144751604
1.88507528588
1.5140899978
1.84449474121
1.78862554076
1.54947017983
1.85984898242
1.91881905858
1.87305764418
1.90576515456
1.97458455669
1.95412922215
2.02315757988
2.05800176863
2.01897062137
1.99661747616
1.85677696325
1.82758614066
1.90069116773
2.03221330138
1.3077619034
1.61565919299
1.91271807352
1.90248574528
1.91263659649
2.19175091724
2.28838682767
2.10803410333
2.27136573276
2.23484260255
2.10251850173
2.09865138431
2.11474990442
2.06051612509
2.05805993936
2.0689473512
2.00920547918
1.93287371968
2.18393294648
2.16434698854
2.14947366286
2.10308407026
2.03862745195
2.00138995049
2.03418466766
1.89201989174
2.0107263135
2.04480538336
2.05072844808
2.13422038431
2.19356450401
2.0433886751
2.04273634572
2.15860151675
2.07790725984
1.94832550845
1.99743399089
2.08335899057
2.27556149605
2.24868961821
2.30966397522
2.04950147557
2.18835281765
2.31883421022
2.06681388736
1.7050562174
1.87339289633
2.39580607477
1.96772061644
1.78164419318
2.09025717669
2.11720362791
2.22532938936
1.93143916334
2.01307560463
2.18520200333
2.09597642491
2.14566984559
1.96699132649
2.08176855087
2.04697007956
2.00327959435
1.89066846597
1.90270693967
1.81805348957
1.92081308026
1.79419817436
2.07789244129
2.18878520569
1.85626548436
1.91472289836
1.92790144017
1.96963310984
1.97347552697
1.91048840313
2.1346726351
1.86096190369
2.13953478879
1.97557842404
1.88977099173
1.91053056427
1.96120540398
1.95431991394
1.88143594721
1.81609241571
2.17209801512
2.02036865402
2.12706941484
1.9811064319
1.7464566863
1.76180933739
1.75393814235
1.59853724843
1.51039371726
1.65978636322
1.55158421231
1.35517232797
1.28788229052
1.46694969142
1.9852221943
1.82577697823
1.48611520172
1.61081157841
1.59662833698
1.60395565121
1.9083370511
1.611152139
1.75660640135
1.46149411706
1.38019712756
1.93486334611
1.97853528062
1.77204659067
1.55406021819
1.77586126786
1.88915902302
1.72980809241
1.77450575632
1.81822038003
1.69179212167
1.76095672165
1.677795669
1.644300001
1.59111465547
1.55393270126
1.59137763406
1.65920726137
1.6579286827
1.5368289721
1.55113627693
1.45657755125
1.60764736262
1.74512396731
1.78266974021
1.84482372312
1.69383557841
1.72212887981
1.74068196615
1.7143704894
1.69171587589
1.79506651985
1.69059970303
1.45708380119
1.60857879231
1.55960763618
1.53494911153
1.593815384
1.58299019486
1.60306643788
1.64096081854
1.66505005816
1.68476596567
1.75497512726
1.68653809586
1.64859063937
1.69754332321
1.61335841882
1.44868052396
1.42744042188
1.49420678025
1.54485797218
1.5568994647
1.52229144402
1.54540115037
1.57525616893
1.6029579219
1.5520841374
1.7361695286
1.66498015847
1.5644063524
1.49581034161
1.57033800342
1.56481060331
1.56796798865
1.01731374864
0.977553455674
1.54416120463
1.38394940026
1.21510966028
1.2487860972
1.36932151342
1.50870534952
1.29150181356
1.24364502684
1.30547786099
1.30443744124
1.29182913033
1.00729015882
0.912154873216
1.05041324092
1.08308352544
1.01973587856
1.16897362088
1.34756009575
1.43007653165
1.01682252218
0.879240474985
0.996187771901
1.25890478324
1.09602820859
1.207016954
1.35974444317
1.4335964405
0.895829560071
0.780488995611
0.769439017443
0.917098706878
1.24485679884
1.00623535153
1.00460809718
0.947506425742
0.990621071208
0.894306177005
1.14282163629
0.70611376905
0.812399834881
0.642223303643
0.735426194105
1.18606750219
1.27319425058
1.37284190107
1.41492309983
1.40735871039
1.25425161
1.2211652797
0.536972003794
0.781458411682
0.660067585569
0.679256554153
0.774580334177
0.961740075263
0.745287033723
0.789626207768
0.989909580048
0.898354877555
0.869121739065
0.631370287012
0.974854049183
1.04629228606
1.27477807617
0.574715981663
0.985625925217
