2.07159498774
2.07332392142
2.07519600003
2.07720948681
2.07936253021
2.08165316898
2.08407933757
2.08663887161
2.0893295137
2.09214891918
2.09509466214
2.09816424143
2.10135508679
2.10466456493
2.1080899857
2.11162860812
2.11527764649
2.11903427633
2.12289564026
2.12685885378
2.13092101088
2.13507918952
2.13933045697
2.14367187493
2.14810050445
2.15261341071
2.15720766749
2.16188036153
2.16662859659
2.17144949729
2.17634021272
2.18129791985
2.18631982663
2.19140317495
2.19654524325
2.20174334901
2.20699485092
2.21229715089
2.21764769583
2.22304397914
2.22848354214
2.23396397512
2.23948291837
2.24503806288
2.25062715095
2.2562479766
2.26189838581
2.2675762766
2.27327959898
2.27900635479
2.28475459731
2.29052243087
2.29630801024
2.30210954001
2.30792527377
2.31375351328
2.31959260751
2.32544095163
2.33129698591
2.33715919454
2.34302610444
2.34889628398
2.35476834167
2.36064092478
2.36651271799
2.3723824419
2.37824885165
2.3841107354
2.38996691285
2.39581623377
2.40165757641
2.40748984605
2.41331197346
2.41912291335
2.42492164285
2.43070716004
2.43647848237
2.44223464524
2.44797470043
2.4536977147
2.45940276829
2.46508895351
2.4707553733
2.47640113988
2.4820253733
2.4876272002
2.4932057524
2.49876016566
2.50428957841
2.50979313051
2.51526996207
2.52071921227
2.52614001826
2.53153151402
2.53689282938
2.54222308892
2.54752141107
2.55278690714
2.55801868044
2.56321582542
2.56837742693
2.57350255939
2.57859028615
2.58363965881
2.58864971665
2.59361948606
2.59854798004
2.60343419783
2.60827712447
2.61307573053
2.61782897183
2.62253578928
2.62719510875
2.631805841
2.63636688174
2.64087711164
2.64533539655
2.64974058771
2.65409152203
2.65838702251
2.66262589864
2.66680694699
2.67092895177
2.67499068556
2.67899091004
2.68292837687
2.68680182861
2.69060999973
2.69435161768
2.69802540409
2.70163007599
2.70516434715
2.70862692947
2.71201653443
2.71533187468
2.71857166562
2.72173462707
2.72481948502
2.72782497347
2.73074983618
2.7335928287
2.7363527202
2.73902829554
2.74161835725
2.74412172761
2.74653725069
2.74886379444
2.75110025281
2.75324554783
2.75529863167
2.75725848877
2.75912413783
2.76089463387
2.76256907017
2.76414658025
2.76562633969
2.767007568
2.7682895303
2.76947153901
2.77055295542
2.77153319114
2.77241170952
2.77318802686
2.7738617136
2.77443239531
2.77489975362
2.77526352699
2.77552351132
2.77567956047
2.77573158662
2.77567956047
2.77552351132
2.77526352699
2.77489975362
2.77443239531
2.7738617136
2.77318802686
2.77241170952
2.77153319114
2.77055295542
2.76947153901
2.7682895303
2.767007568
2.76562633969
2.76414658025
2.76256907017
2.76089463387
2.75912413783
2.75725848877
2.75529863167
2.75324554783
2.75110025281
2.74886379444
2.74653725069
2.74412172761
2.74161835725
2.73902829554
2.7363527202
2.7335928287
2.73074983618
2.72782497347
2.72481948502
2.72173462707
2.71857166562
2.71533187468
2.71201653443
2.70862692947
2.70516434715
2.70163007599
2.69802540409
2.69435161768
2.69060999973
2.68680182861
2.68292837687
2.67899091004
2.67499068556
2.67092895177
2.66680694699
2.66262589864
2.65838702251
2.65409152203
2.64974058771
2.64533539655
2.64087711164
2.63636688174
2.631805841
2.62719510875
2.62253578928
2.61782897183
2.61307573053
2.60827712447
2.60343419783
2.59854798004
2.59361948606
2.58864971665
2.58363965881
2.57859028615
2.57350255939
2.56837742693
2.56321582542
2.55801868044
2.55278690714
2.54752141107
2.54222308892
2.53689282938
2.53153151402
2.52614001826
2.52071921227
2.51526996207
2.50979313051
2.50428957841
2.49876016566
2.4932057524
2.4876272002
2.4820253733
2.47640113988
2.4707553733
2.46508895351
2.45940276829
2.4536977147
2.44797470043
2.44223464524
2.43647848237
2.43070716004
2.42492164285
2.41912291335
2.41331197346
2.40748984605
2.40165757641
2.39581623377
2.38996691285
2.3841107354
2.37824885165
2.3723824419
2.36651271799
2.36064092478
2.35476834167
2.34889628398
2.34302610444
2.33715919454
2.33129698591
2.32544095163
2.31959260751
2.31375351328
2.30792527377
2.30210954001
2.29630801024
2.29052243087
2.28475459731
2.27900635479
2.27327959898
2.2675762766
2.26189838581
2.2562479766
2.25062715095
2.24503806288
2.23948291837
2.23396397512
2.22848354214
2.22304397914
2.21764769583
2.21229715089
2.20699485092
2.20174334901
2.19654524325
2.19140317495
2.18631982663
2.18129791985
2.17634021272
2.17144949729
2.16662859659
2.16188036153
2.15720766749
2.15261341071
2.14810050445
2.14367187493
2.13933045697
2.13507918952
2.13092101088
2.12685885378
2.12289564026
2.11903427633
2.11527764649
2.11162860812
2.1080899857
2.10466456493
2.10135508679
2.09816424143
2.09509466214
2.09214891918
2.0893295137
2.08663887161
2.08407933757
2.08165316898
2.07936253021
2.07720948681
2.07519600003
2.07332392142
2.07159498774
2.0700108161
2.06857289932
2.06728260167
2.06614115494
2.06514965477
2.06430905746
2.06362017709
2.06308368312
2.06270009835
2.06246979735
2.0623930053
2.06246979735
2.06270009835
2.06308368312
2.06362017709
2.06430905746
2.06514965477
2.06614115494
2.06728260167
2.06857289932
2.0700108161
2.07159498774
2.07332392142
2.07519600003
2.07720948681
2.07936253021
