65.4697388142
69.3743286103
68.7885128994
47.1764074906
50.0687632144
49.1903683359
49.5260156469
49.9405045904
45.7037427322
46.4521972501
55.0928259492
58.16827543
61.3211193758
60.8979594961
66.0696301101
44.0510362759
61.3464908096
72.1983769181
50.8244999132
63.9713850585
47.5775350125
63.6651051242
71.8125783985
62.9197884016
50.9041970361
58.5425244462
58.0927858036
71.7521243408
59.33372916
64.5146169637
52.0635295316
62.1276357894
60.1768483363
67.3034072168
60.1986173053
56.8992528232
52.9252479784
59.1566585354
46.5669878944
40.7161387023
45.6722863171
57.2925463909
65.2198460194
52.5353436124
63.0124514918
69.8819342746
57.9779693346
50.1203344237
61.0337461291
69.4952308596
66.9622333373
54.1308837745
67.1624366662
48.3986815364
57.1779501342
69.7643580888
71.955978059
72.2986729264
36.6369015762
45.3564244486
55.9406038833
61.4178681295
68.7354055564
62.1013506562
56.1779689942
45.0630556366
48.2951629886
54.3842018383
58.4784896055
65.1076125892
64.4666297578
73.0837955432
56.6994023535
35.437775496
52.0293381374
52.9523927803
54.007405794
56.4947717305
65.6817797513
68.6857636592
68.842749127
74.1736657696
53.4961730395
35.9014005507
45.8842285432
48.5277364929
67.9431800082
53.218532982
54.9723377664
62.0286184345
50.67092336
51.9056066345
64.9492495633
57.0581422184
64.7572905956
59.3314943048
63.1066916081
68.3250462513
41.1663154252
39.2770375229
45.8891716902
51.9321817107
54.3895469478
48.8405597079
52.665868522
42.1481988587
55.8665126694
49.0551694779
54.8991199451
46.3949533981
54.4758788149
33.6687698551
30.1290383852
43.1268305444
52.4774094298
44.4749848523
52.5107004358
50.2361573497
54.2719184187
54.9930574489
37.0755716014
33.0125445336
33.7381179419
41.1292964526
37.2943582087
48.2337875658
52.081719616
40.4858944995
46.4992349244
50.4007718701
51.531737354
49.6880954207
44.1695652468
43.3546407142
36.2188076338
36.2880086302
37.9092101445
38.2446452567
39.3572798723
45.4748755206
44.0258710378
49.5221758959
49.3208408356
43.3540466336
45.7950741031
45.581572868
51.3665526156
56.8150810956
56.852832771
57.336626868
53.9438679586
52.1949816041
41.0330619153
35.7849428305
40.7056193377
44.2762781458
54.4943406376
41.3639964272
46.0494581746
44.0467433724
43.2284901627
43.3776956129
50.8643297888
47.657625473
48.2223797638
46.4811590088
44.2861923527
42.0854102106
48.9123434457
49.2649679085
48.2154223051
48.9489495526
34.8776392764
32.4248178625
34.3873270531
38.9914193685
45.0087422486
48.6649443628
48.5624701005
49.666098348
45.5513655016
39.7106888124
48.8134513274
46.7291929807
45.2621044597
54.3593562201
51.958409313
45.4447603862
49.3383994812
38.0232578178
44.0446835742
47.2034478328
47.8748312736
45.1052660904
43.7909095785
44.6611523019
49.2558165569
50.0398355461
37.249074213
42.2661230115
39.3946881089
41.47921395
44.8567610137
45.0120791353
38.847732612
41.8428244563
35.1780058777
38.628468832
34.8711877346
36.5417012981
43.027004008
43.342579661
47.908385536
49.5138779655
45.8388112062
47.931073869
40.3620181911
0.0
0.0
40.9949937882
36.8759042493
48.4432848607
51.9179133018
46.7278606575
48.2755174406
51.6718291032
37.6733193063
33.875736929
40.4137218075
41.1903417783
42.7477597611
44.0876453583
49.3691383761
44.3862464606
47.1222965508
46.4257837437
47.0279679045
41.3196865747
43.1730160411
44.1397072547
52.3886247136
53.0526834286
52.7971090955
54.5991913259
58.258672518
52.791853266
54.2198269461
38.5062924127
47.0493390215
51.0485919741
50.8768769331
47.0109320212
48.3568683133
41.9527594896
48.9405014609
53.7494123689
49.2582138398
46.0942991249
46.8014529365
53.6860683655
59.5765349564
59.7454950422
39.3395009504
41.842728724
52.1700038983
53.6860625903
38.1164265235
39.3526292497
50.5278766218
52.7981671109
57.8264364426
65.5330647678
65.5059231776
66.9833228074
64.1772421863
61.1817665201
52.8301001388
55.4892940658
50.8811118409
44.0487153842
46.3153138532
42.5848964682
40.1739988936
50.0848883634
54.3640498212
58.7879633896
53.7862721055
56.3200472024
51.4212519473
63.2918429952
70.5881757908
37.5541088486
42.6424415293
53.4227132127
50.9500720308
51.9133999968
60.8629226928
59.7016941366
59.8855585009
37.4787189877
49.8031535077
49.0455199876
45.0907704181
52.5959347337
44.3601782618
45.59085195
46.3590520602
60.7565440177
64.4074582265
42.1036619297
60.1508609702
41.1892017991
41.9697691407
49.685511055
58.4050041618
45.8284706762
54.8685044314
53.859044436
57.3099311108
43.5250326431
48.5026554316
36.7083757888
43.6775932398
49.2105762513
56.8129496399
63.3988052572
43.1768690273
53.0821422422
51.6084027947
44.9576330024
54.1090574608
46.235096995
48.8059201076
49.8218000411
47.5116963974
56.4994160033
63.2648435294
52.037654893
45.7835405743
53.5204764064
56.8015551731
44.9141397715
57.5607166985
57.2689093918
66.2085235774
67.2428116472
67.3494535573
60.2651473606
38.8238532969
44.7400626958
58.7871452379
44.2521056139
50.3709368482
61.7290812822
47.5693151604
53.0598204595
53.2335732483
53.08160376
58.426968825
60.9522351235
54.0580402389
61.6646820613
62.4662648086
55.5169688075
42.0935455871
42.3363781524
55.241535433
65.0738326863
65.1738297898
64.2879581126
65.0514746507
64.2548386716
62.2347795825
53.9136075182
56.2482541119
72.1268752308
49.0385837622
63.0539766173
38.4896764531
55.1389119581
65.5451721408
62.1311592546
68.988178248
70.4707603195
35.0655536386
38.0384889189
43.6856312322
56.5526088579
54.1569474082
54.4391942305
60.4283549418
54.5965080242
49.6261116548
61.9337257166
49.1497827359
46.4355680158
38.5644932227
50.5554940138
51.4221932377
50.9213932779
53.2163485238
66.8351061544
62.6319730794
38.1549943946
47.7547633628
45.0077343914
51.853582706
53.5539235726
49.8987419102
59.9171747965
65.6990357815
58.649074688
60.8496094101
48.384683484
47.9735668739
56.0833255459
57.5983894119
53.0436741318
53.2181190637
40.24061939
45.1275417856
45.3580732803
49.7813218657
48.4717691304
39.4956296069
46.4944370353
57.7787932024
64.2288853431
64.9586867902
65.9649911091
39.373796867
40.1296705833
51.4069301457
58.5605736645
45.9851020686
56.0664786832
61.231998611
62.5270399079
56.9543063156
50.1453090706
52.4942407465
54.2210221946
41.3186952569
47.903281008
59.1161481663
45.153013521
46.1384771656
53.7128532888
61.3523582226
67.3456720619
58.884173495
41.1517386088
49.8342313085
56.4084025469
50.4982693079
0.0
40.4122252832
48.0291031328
44.4752806469
41.151750635
51.5495099134
44.2330022811
53.8354501102
51.8587571452
50.0684358683
48.8208019696
53.1117078098
59.3761313146
59.3698226263
51.1966914124
46.2695634516
52.4778876442
54.3892844823
58.1602749882
60.3489787717
43.5328213704
43.2481434734
43.2667041293
48.6516068459
51.7960776609
54.5103741597
48.7949646634
44.9030069794
39.1868331161
42.9295983144
40.5145170196
48.8971171485
53.8509275134
54.1505440627
53.5107983981
45.9780843488
51.0078458689
45.3794641412
51.2557515641
47.7030119898
46.9806513894
53.1652773433
47.6029860455
49.2320091918
48.3611681899
47.1724852926
49.6626001658
53.2430794796
53.0072065421
55.1548134049
47.929171186
47.9936922959
47.953589159
45.2336954586
48.812334596
52.7786074616
47.4753931948
49.9974711772
55.9784173086
58.2492584566
49.1907321514
47.1539358888
52.8007478465
44.1577125692
45.3486357081
50.6445361705
51.5932746623
44.2378918431
43.7650327325
38.2407007215
45.4102854551
43.3157289615
48.54556909
46.9692163431
39.2658000313
40.7012746698
43.0302067469
50.3574988458
51.8673431007
46.3656495344
50.8664819522
51.9365153743
45.8287311633
38.0272514394
40.426409561
45.9120597671
44.246974154
41.9564156956
44.4304261792
46.1691553341
42.3320691745
38.7407166529
44.1020039335
46.8742316901
51.7645658287
52.8898214268
51.174375723
50.1180868764
49.1377851338
49.8706022885
49.1644510964
49.9991850676
39.8394477544
41.1418884116
37.9889386175
40.5222454686
42.6505890159
50.4857854468
52.8905593567
50.5265014857
41.814809366
44.3723529447
43.6592314219
45.4230686237
49.4694097515
41.5743295978
41.1156606923
43.4975074452
44.8211635853
50.1387455782
46.8418709382
41.2216012278
42.5568182293
47.7271247294
48.6496688246
48.7297339231
47.6258316247
42.4317014235
48.3036546835
46.2324986456
45.3396266943
49.5071402531
50.6792216797
55.0934463877
41.7923976011
41.4512555675
43.2378135512
48.7686376955
47.4049116929
52.5743926023
57.309427294
56.6258486915
46.638343797
45.229609893
45.9353675941
50.5465621611
55.0393332396
57.3747026993
38.0169042871
48.4187981859
46.9072415954
50.1129231063
53.8671688839
58.1669018423
50.1721630832
54.2900528063
57.935632721
44.9183827649
52.6461830549
43.801068433
48.2099000775
52.5040591744
41.4096317622
46.8562227657
51.9255068326
53.4785366999
52.5657889986
63.9598225539
56.6969488625
46.1505171397
48.002946641
54.5241738095
48.2436129554
49.3870799039
54.792520093
58.2710356386
51.6345749872
46.2893071936
48.2234495969
36.9225652807
49.1831894118
54.1137226775
57.312045914
54.0141237051
54.3823213419
39.7664959648
40.5492507561
36.5392231327
45.1830413484
45.8040848554
56.7065391501
64.6546537703
66.5029012675
56.3884397317
53.5192800275
48.7185365347
44.8088544536
53.1122664564
40.0377610662
49.7031660234
63.2841164188
37.9155637213
48.9350988346
57.9808209921
62.5566702157
38.3451545689
45.9999631712
55.0427407534
55.7756150251
56.3024569009
60.3997741334
64.3832449674
45.8542037593
45.8864204371
45.8523573895
43.4778624355
44.7526787508
50.4872928104
54.0327839564
57.4594337001
56.0237114835
44.3439382725
46.2043613316
47.2863935026
52.2195388929
52.5791976701
62.0360057105
66.5097865561
64.9687775018
46.663623526
43.1377841825
42.6837573386
52.2168423749
53.0269167669
50.984699862
61.0241747748
55.1843781822
50.2390467471
55.3148892495
63.5139346299
39.6977696477
44.7397934101
54.8866803772
59.9740710516
59.2478756656
59.3794038765
66.1433159904
42.8099802752
53.7428275576
48.7934235194
56.2719349038
63.448027018
53.8111181943
41.7384038787
58.3606490551
47.7883070144
52.6236810793
52.7190730166
59.0312644084
62.3649713879
40.0029069702
50.2329940318
49.2655367394
46.4788797158
51.9902764391
52.8859954716
54.5393748546
42.3445858664
45.7799391774
46.7038647542
46.0462800441
49.8583389098
36.0768152626
54.1291778204
46.8276322807
45.14252404
43.3738660358
57.0674134323
61.3703288036
53.9743843074
50.6537150239
47.0699260307
46.1971618859
46.7034672875
51.1470902138
48.7889470647
47.5694292213
47.5009164659
50.3037458921
56.459988052
62.8713804683
37.8866344778
57.206629808
73.8629816952
76.0283432789
66.8575809463
55.9345340649
50.797344959
46.5301141905
45.7482454143
54.1924906327
49.6158881871
52.8721597799
46.6855925936
51.3919875639
54.1665053546
53.1587500589
59.7504814347
65.6680514184
70.0053822697
75.1645215093
41.283723528
57.4264377234
65.0283594688
70.8461341295
68.6235135529
72.6893861687
46.8308261903
38.3542246203
42.9687023177
49.6020708114
60.489065767
60.8528472851
60.1465562241
64.0998309084
62.3730650404
56.1443919104
52.0379758928
58.8860396295
55.0676424772
57.3647069355
67.3543136104
37.1967376332
54.5308440001
55.0012875781
54.2297964631
62.8147906592
67.5438128677
55.4986022671
49.4753848953
33.3795162802
41.7272541342
39.4589603693
58.8435006933
46.1408069989
41.7874659798
51.2109966419
46.6970040551
63.1114117948
42.8958627852
55.7339444149
56.4856454172
63.8663229488
50.3414429648
35.6500353736
26.8362841512
38.6513110345
49.941710853
40.9622331851
46.894200071
56.1913423538
56.5604940465
62.8219298115
51.8221727651
52.8965862368
63.0343413636
55.6542939345
40.4760617383
60.5404385811
40.0998669431
44.2212805217
43.0888684781
44.7894446051
44.64059129
54.2190486783
54.2277157313
53.1719359027
49.4820862283
54.9368601489
56.6726461107
55.617701441
50.4122103834
53.0481152562
50.001520701
45.2457733561
54.7590719029
54.4456339532
46.6166117332
50.112829651
52.6112146427
44.6356712686
48.8859865388
47.70676067
51.4157810045
51.566873918
57.3374855982
51.1334902662
42.9028161309
40.419074064
42.8167548475
41.7172892969
48.3050382795
47.351731139
48.9254121027
50.6110558096
43.7446271459
48.4903431667
49.7019795251
55.1744273353
45.2302754487
47.8032409527
47.9253428517
50.0242253458
46.1826596829
52.3567523675
53.2746054039
45.1477551032
52.3968383118
51.2074849187
53.1608562945
44.9336444434
47.8118828984
43.227512739
39.5496309119
41.1293074177
38.7913131046
43.5848847203
48.9171046943
43.890138255
50.6426940284
44.9184749538
42.5944948249
44.7725319163
49.5975030305
50.2013778648
49.9379687102
48.2893326143
45.0769338966
39.0860601024
44.0407047118
48.6839592169
52.326063412
51.9352846751
47.4323295745
50.672620101
45.1253274234
43.020209926
52.5800850108
47.8882206907
44.2188171357
48.6177965439
50.2951242113
50.6597418101
41.1889053865
50.7735621937
39.6894906786
44.9460308951
42.5167821985
45.0652267536
44.9529781989
40.1026197056
47.7806119564
49.6309646951
49.9104718853
48.0295692487
52.0889513708
51.5152971952
48.2104258675
49.8369658254
49.6583366479
49.5249851383
51.3066133347
51.0961966038
47.0162104388
41.1590268855
45.3176451778
46.8969077108
45.6025567937
48.035780971
51.0265682889
54.67948453
54.8088725621
40.8782423013
41.5561528377
44.9330469093
48.7824910539
50.9910543726
50.1304859162
48.3480158936
50.2858511009
50.1322988063
50.8155775037
50.458329465
42.4697311071
49.1557535564
47.2267274649
45.0908169682
48.8587558328
50.743691223
49.0231116995
40.9968835738
41.678781646
45.2626614903
43.4172297433
46.6266750278
45.0374385861
47.822852275
48.7337725176
50.7409105569
52.8643647458
48.3481812813
46.9096423653
48.3095338796
49.9244923331
52.8983908714
44.5523510353
47.653536303
51.2217679684
52.4228345927
51.2320286272
45.7781576133
54.8470353196
53.1120624954
58.3440312282
52.3618389018
48.181600976
51.6134234195
49.5540621427
50.2881743351
54.754137301
48.0197855569
57.853681263
62.7000454585
52.6364214968
52.2646704504
67.1610212409
63.7959257406
64.4120979726
59.6388045664
63.539656578
58.3854431906
54.1749784257
53.8519559989
38.2980970227
42.5372777463
58.6977708924
53.2288243232
69.6781979287
58.1824207508
44.1023105864
54.4528574777
56.4920254406
55.5023646169
62.2774562328
71.1314172781
70.3370316985
63.4607083283
32.7826657211
52.5859285177
44.0741062075
53.3249748351
38.9651690914
47.2040694271
49.5252391
52.2450188083
40.9341647011
41.888460274
51.1396163716
53.9497079203
45.7319782518
50.3380700028
57.8598919024
48.3894091598
55.1644758348
57.3105625918
58.6714519879
47.1341432914
47.5941274409
41.8679000578
44.5610548071
48.807522062
50.1641314551
55.0279069563
49.774984461
46.9539210779
50.3659956732
45.8021447897
51.7452488517
54.391110924
55.3434802593
47.4254767096
49.0645539837
47.176674421
37.5306242726
37.8293746926
39.451208418
52.9710318088
40.3492280829
47.3652346171
51.4726117583
44.6825563855
54.6757709543
64.2761198092
54.7232126273
51.7529015254
65.5369926735
56.7297189238
61.8765899069
54.1179679439
66.7853809764
42.5240108258
50.6569877561
54.6310568998
55.8135411603
61.4359536875
56.4794787703
50.8312165427
59.1166015061
44.824601901
60.4455551183
68.2895521847
70.3218392985
59.488180233
46.6062349
49.6594406878
54.9739769189
59.5912836578
62.5871124445
58.0957468785
69.5017746631
67.076239712
73.0773463285
54.5903249756
66.0099555134
66.8751735766
67.704157776
66.3577349652
51.7254339555
52.8167313105
50.3840716618
46.2909781976
57.1229904968
65.7630974879
70.947764153
66.7404639784
64.4865968143
55.8232942007
53.026438122
49.066272077
45.3487379685
52.5618537741
63.2236013086
73.7540098216
52.6136407071
59.3186522317
73.8355104262
44.6123263225
56.2654381625
49.3828107372
53.6242551625
61.9383814733
66.8723088165
71.368534825
72.6765662955
69.1268655474
67.0056304806
66.9996919748
59.9786902808
43.8244951054
53.9986257338
43.8431334357
0.0
49.3200243755
49.1846421053
53.198013437
66.8805868701
56.5719544118
33.4523497882
44.1476486045
58.5130204733
69.6149689282
51.3732036641
38.5548851875
57.5464823726
70.259547081
50.2893903663
30.1075711953
43.4173900418
51.426593033
53.7693261178
56.5331928374
51.4672781785
53.8206103187
60.8745422717
59.21667432
65.9347673759
53.7157748348
65.3585453289
60.8114599105
60.09698501
37.9788380197
56.0296720326
45.83968044
50.1335099446
48.6605761677
51.2366908427
44.541368115
47.0522126169
38.2566274739
47.9258355178
44.2003387552
51.1282031621
50.0531082942
50.8508247651
53.6392239706
55.7999764426
43.6275783235
54.451323394
58.3901820693
59.2062778816
48.0483362531
54.0458772363
62.2111090506
55.3650531559
43.1147535121
58.5625981562
60.6916231793
48.8543701552
52.0369807832
54.5788774456
56.4007850337
60.7512191903
56.090619854
39.533088124
58.3000635606
60.8833260108
60.753726219
57.5839480815
55.1644405299
58.4288092749
38.1251613925
56.8351889011
45.9679931387
51.2803609982
57.7381711455
62.6019371178
61.6341694153
64.5721197484
62.0439711934
62.9961156673
41.9600655577
35.1901692581
39.8326264299
49.695483503
49.5294659819
55.7412610392
55.6301211506
59.0252571767
51.576050328
45.4682225523
44.7059072339
42.9227006476
43.9957710846
51.2065327305
52.2540007901
43.3321722215
38.6380589382
35.4467625599
38.1494403665
43.1625613479
46.4909360032
48.7150592391
49.4374535909
52.4183735409
53.6437741441
52.1104158491
54.545531691
49.0891783327
41.848669231
40.7470140347
50.8699240195
49.9528437114
47.6921090582
46.7535425715
48.49740173
47.9783502639
50.7478877102
49.1519870497
48.1840573348
42.1238905423
49.5320044422
51.9168723612
48.7091535775
51.3859655257
53.6399033656
53.8134659335
54.2181031785
54.1892841327
50.4214339934
49.1352768877
48.3876965642
54.0265482991
46.9104225826
48.8576662889
51.4869006111
48.1753965152
45.3573648345
49.5772617435
49.791335982
51.3890743098
52.6696403538
51.6941590665
50.8510933144
52.3063620788
54.1337375215
54.2684192634
55.3269086046
54.8459622643
50.2648169914
53.5421938145
52.1494900726
50.3956749273
51.7700926297
50.2672889317
47.5125340022
51.0229302574
52.0818638359
45.0157317115
47.2033245698
44.5600471526
47.6643168034
52.1245813994
42.6785844709
48.1237087329
51.3208762335
51.6948226797
50.6778034248
48.8814367856
48.1060809299
49.1902292298
47.2755733668
48.6431873573
47.6490732718
44.0902471192
42.6917871076
49.0397077551
41.0516173024
36.386426093
33.3751687167
35.9909688972
41.403301605
39.4700877456
50.2129165579
50.4820823783
49.0388631224
49.9964760905
53.0308014772
57.6957816596
46.6798897702
49.6939220309
43.4072482789
48.7890487533
52.8786379998
54.3440163295
53.2905307872
52.7211203205
50.1275866063
55.8145352492
57.2171946532
46.8078577723
44.5065558294
49.7917660589
49.4117404551
43.1436524844
42.1282438656
43.8498846154
50.6842807077
55.0184028081
51.8124789139
39.468850467
47.5944716346
39.7522077533
43.0118058233
48.4782723488
47.9260366579
50.4037827893
52.2374250403
53.2163400176
44.3824903862
51.0030343155
47.919643382
55.4671083972
49.9174640633
53.7144550301
51.4442553399
44.6753346384
55.0087795561
53.2996533126
56.9315691289
61.2569064709
54.3528236819
53.6137631623
59.3994199093
60.8410185434
52.2615451221
54.3870979081
56.5897963547
61.5432375204
57.9487958787
45.6637708611
45.880547372
48.6046605722
56.7714545385
61.7843535855
61.2295384548
51.3496151412
51.8279777314
52.1052629318
52.7998185271
59.5630754199
43.6073951236
49.6885999596
49.747031964
53.9941549081
43.3066110572
52.8211774437
58.0640792295
49.4239229469
55.2105785465
54.6248424609
57.9862920152
54.8651775351
46.9309196569
48.7973028511
51.8527861376
59.1858326576
62.2523839923
57.7455934371
61.3931065792
61.3210889873
55.6794598311
62.983206933
63.3520984047
56.9974536031
58.5039145725
60.3542294538
56.2794392202
44.0758098567
56.2264092122
62.2581622965
59.3071677638
40.1547996243
42.4526112267
50.4692177137
63.102252856
56.1952653644
48.5287890053
56.4974769552
57.9303910706
54.0364758886
47.7598880586
66.2527325463
64.0204841128
35.2441664237
41.1329427645
44.0903126099
51.2325076026
52.767044282
64.8283479508
68.3063834933
66.5513339108
45.7937077981
50.1075736716
60.5786704355
66.7103787968
57.1503327469
57.9714815728
72.9993158551
56.9471545843
40.50008469
53.5082955195
61.9882741628
36.655250321
51.3222308125
59.5501094445
57.5078911233
49.4796829004
59.5210807564
56.7523928452
38.0077946924
52.4180484416
52.6531887168
54.4309091311
58.858943504
69.9615556664
60.0861803368
55.123090972
62.0939420126
69.060076276
68.0768545568
55.2935854791
52.7648299028
62.2661203768
67.1048056616
68.9091224564
65.9619302682
71.7118194668
64.1061872836
59.0488478047
62.7879782413
60.3478861446
58.3292852357
66.5046433994
63.6765040171
56.7717855032
56.4820414747
57.2019369522
52.8264956845
56.8526498068
53.6618283757
49.4731214935
47.5373694558
55.105507191
54.8380533892
58.79466504
65.8024127319
71.5098674671
63.3097823829
55.250901478
44.0612061926
51.1585560638
57.407472082
60.3815301864
64.3107070014
58.8189070695
56.7605259732
51.6581439604
40.5091583227
54.7886945764
39.1928083199
42.3389128354
37.4888624693
41.2177483924
48.4545204422
60.0747609399
54.7895660133
57.268092323
52.3826044688
52.1900870111
42.5510101293
56.2412139083
58.9207537728
66.7394649415
55.0170570194
0.0
47.8416673143
59.8454306273
57.5521220604
56.9969380765
48.3767537918
52.46780624
46.2345440712
52.7374252704
58.1637395429
44.5115266168
52.7839603618
56.2403351995
55.2608487411
47.1538659774
44.3978040693
55.9167284474
65.8269187334
42.523261064
44.6904769579
46.2840975019
53.3156797178
59.3484032264
42.2600751066
48.2120685717
57.5820443493
64.9627641142
70.945042364
64.6375468185
68.2684715362
65.1473286515
49.9339824008
46.8616874988
54.5509151764
59.1242061975
63.3972748426
58.1657147495
53.2939793641
50.7886945438
51.3710691265
36.3224521434
46.5559091031
52.1492596523
51.5259845896
59.0502431947
61.0764627045
48.7862977529
56.3828693474
56.0780535356
55.5394551884
61.168797402
61.1687038
60.6487940857
59.0331709849
61.6545704942
45.2953172866
50.7525563965
52.8921812675
47.5770495401
50.2343073184
59.1181338593
59.8333350191
55.7829782517
42.8605402105
52.8488125682
59.4813085143
61.471617563
56.716019381
42.3311662666
48.1358274232
43.6693654585
47.3179213421
53.4591756869
50.4808486229
49.0583592066
53.7044603116
53.6754396149
56.4278654691
57.3751087592
58.1117632198
54.009117401
52.2440665475
47.8276349778
54.5147282976
56.3798753196
37.0489630871
45.8776791858
51.4661279947
44.7579147364
43.476113119
44.5130922187
39.9564279201
43.7249767486
47.0558124664
48.6090471892
40.6404733773
32.7412185131
41.6674540487
47.9358594696
41.203804495
45.4720517302
46.2668903011
47.510586166
47.6900495686
44.4502332358
52.7816851868
53.2748550723
55.1460539309
51.8657885379
58.8549298717
39.8032868219
50.360683554
51.8721751579
49.8066803228
50.7557142257
47.0453396646
47.0345028674
54.5404816637
50.5526860234
49.7807440296
40.3259552574
39.8732188649
45.1949572504
46.5725291696
50.1588190748
48.7437851907
52.9298478646
54.5897561894
48.6956755985
50.5917610238
40.8819844351
43.1389334423
47.7829299871
50.9046171575
51.5951189746
54.473861738
46.8434987781
49.9701582309
42.7669842956
48.4928039078
52.6299636305
55.2023006514
47.1796365879
52.210615911
55.4128233899
55.643259054
49.453505089
49.6321128161
53.7538465442
47.9967657606
49.3900368608
53.4924003201
54.0909649308
45.9763935626
50.077080755
52.8035085997
43.232741075
42.1457611397
51.5251201819
52.8415534852
54.0001688153
52.0036395778
41.3155834759
50.6147920344
54.1494749041
52.6076578745
57.3537819249
49.573267825
51.3202224663
55.3847801773
53.0346571684
52.7070545665
53.8279284171
60.2213169784
60.6711123904
39.2489019692
41.4891572555
46.7501771153
46.2974764225
48.648895263
50.5536947047
42.1389165736
51.9269813315
54.118845947
53.8896178967
51.679646288
41.1246015727
47.6295792421
45.1901103464
43.9433356084
48.8246948562
51.3394692983
55.1689367865
57.459513162
56.581304983
50.5928993519
57.3422757382
55.9704511438
61.2522650207
62.5027246013
54.0758054453
57.2026976459
55.9615890615
58.8533421748
45.7929057681
48.781850066
53.9119932884
58.0968924866
60.443572057
61.7746335513
63.5572352839
40.6065823717
51.8490249935
46.0568667318
55.3892287731
63.8728212296
60.1604569823
53.2706940216
66.9897232692
63.1881648171
61.083548416
57.4016582585
56.6731956431
46.8005488784
51.2511859354
57.4492021964
61.7878446531
67.5924150922
65.7642764707
62.3658745433
63.4037499734
64.0448929649
67.7089680507
46.0999101533
38.875137105
42.769605547
53.6185304832
63.0736975286
58.1361027642
57.394328463
66.2334066445
51.0250014009
62.6947496662
69.6194192694
62.4454065298
50.89510534
59.4381713893
62.9493550609
54.7245551296
67.4059831584
41.0965229385
47.9682150477
51.0099132193
59.0620563593
72.7471309055
64.4596724425
59.4505961221
52.8065363081
75.4756174912
59.1085568682
61.3544856703
60.6129375909
64.8190122991
77.4629690456
73.8175113578
71.1260977649
43.8197250728
59.3639200682
57.1053655602
55.6568564007
41.6864304951
49.1317893348
62.5045143821
69.564245927
69.8835485927
69.292551146
42.7043074887
61.6654191955
52.859550825
73.7461585148
74.3832518364
70.0612582298
53.1035927886
44.3969640955
48.065170979
53.7416991611
51.3282607779
64.1479302841
72.4520175151
69.8894803481
60.1935763492
45.338078237
53.6217818399
65.6140578372
58.9844272362
32.8272777543
49.8602177194
63.1077947266
65.3179080562
54.270766122
65.6964181111
72.6782504674
54.0911580055
46.1817550881
51.0434560712
62.8872677788
64.042059996
75.1656811058
43.7251273107
44.5122463971
54.696451951
42.9228834889
54.4387716189
53.6074450284
60.0943035748
63.7232360426
64.1108067596
36.2363317996
55.9089829584
55.0314367276
56.0900496859
58.430197001
58.58554387
62.8803565905
76.1215151093
51.2047859427
51.3509845493
46.812184802
49.5623891047
52.6911341215
57.5345230054
58.1731499576
60.2209478342
70.6286044799
78.4128912781
55.4304195724
66.317841272
71.8125357169
43.1796786995
52.4339756653
62.917309894
72.3610986824
74.2930648891
57.0326601333
53.7934366411
65.0549779116
77.2148028957
60.3596006045
43.0604004346
51.8444286809
48.0023586543
54.408504299
61.3102663326
61.2597966881
60.6336823512
55.849144864
58.4873412282
65.0672810767
57.7685479179
67.2242134892
67.7411329953
54.0847950921
65.9519619184
60.4307492817
47.6023496095
52.326362033
51.3042679127
51.1249860015
0.0
49.4861502505
38.148682615
52.2691941314
56.3322882834
50.9711692726
60.2936005201
61.2879179786
48.4119234135
54.5523931047
54.4060983202
54.0381642564
43.6191599029
52.3082582171
52.8871411692
56.738996949
53.494337703
46.1854158331
47.590061787
43.9832903544
56.7038024733
56.9025145192
56.4132875716
51.8426765696
52.5868352157
55.5998629014
61.2491124285
59.1037992013
55.1678937967
52.6820866753
43.0602520341
46.446357248
57.3473136887
59.176859702
56.1019595286
57.8247924593
55.4820465036
57.7704007382
49.5752437493
52.8211522065
51.576079241
39.6180591219
47.9962686048
51.1296632767
55.9815413429
57.8754986681
60.8118599704
49.3577116852
53.8872002433
52.7195763909
54.6961625289
56.2415108367
41.9768552313
59.3542469795
43.7688721238
39.7857406993
46.0367606453
44.2513394841
46.1026422251
46.4949352668
52.1232595883
52.9632865286
53.4992188964
48.9840207738
49.7517748065
42.1931131552
49.8213170971
53.6184938205
55.7099065295
44.0589722356
50.944190294
55.5035960554
42.0193305057
42.5161404692
48.5646093957
54.9856641481
56.6501752246
55.4153648243
52.5093936235
50.2439005525
48.1091871458
36.5848667792
42.5826438112
36.3483387001
38.8362222187
43.2193112393
46.5817932518
57.3681465898
47.9476794064
46.7363786205
49.1349013665
50.0537767092
42.273978069
40.2940749903
38.989826882
40.8786751626
43.7881087794
50.5114556935
54.2081912526
56.0040625464
56.5948321825
44.8545726917
56.3023479755
55.6819276253
47.3531448812
53.5158081868
44.4030433496
50.2556585138
51.5243221579
50.7753331552
52.5656371242
55.0560775243
51.2660284933
47.7300232276
48.5173966191
49.7722389831
52.7647575692
53.2728145809
53.7611969787
53.2974591491
42.099533193
49.216245906
46.7828009318
46.9611488019
44.9396246688
44.5875180191
47.9909582301
49.3264653446
49.1085656839
47.6055338926
42.0493378694
36.5648253007
43.3513139508
47.2056331117
50.9929054117
52.7974787488
46.5376693454
48.738431802
49.7643518022
50.477585399
53.183222855
49.3760119469
52.1493350025
52.2421857013
57.8954312513
57.0581662073
49.0881990666
51.0159927463
46.0662499895
42.7104762769
47.4964118168
52.4436309748
53.560268806
40.2043077263
45.319184276
39.2491453952
46.9336169756
47.4876007494
47.0888643993
43.3622251761
46.5386810553
47.1011702011
52.4976844635
56.2387040566
56.329676776
56.2222720221
47.3769175739
51.2517723312
49.8800729182
49.1231491661
47.2937722122
37.8572566794
54.8802384571
52.6403394564
42.8833355603
45.5858940079
47.6572253812
54.1019656231
45.9054524744
43.3641292708
43.0377411417
46.340035524
51.4213961066
45.8378822239
45.9680613273
45.7690101636
49.8540996452
49.5924002457
52.364969099
55.1313286522
59.0052455551
49.9959591815
46.5369786898
52.596685412
55.0412676604
53.2771102882
61.6615097086
52.4067467599
48.5101515745
43.2456794466
51.7557967491
56.6644690859
60.3662300728
44.7436665127
51.4951022125
52.2721223174
45.7544079545
48.5098543541
56.072698252
52.6969380795
63.2459759058
51.9744793838
61.0566437237
75.0397565298
62.9088522169
54.7140900645
62.4323043673
61.3221950206
40.305895042
49.4688184812
54.6121042266
50.0909112193
50.9362843024
53.8271068785
39.4976535353
48.4013559856
50.7918695782
41.3847167032
48.7022425967
55.3768886498
40.0708239443
49.3905639669
44.8634266017
49.7789449708
45.1011889106
50.7617804069
61.102103613
53.6111227277
42.4687746455
58.0143324081
64.4554651942
52.0521825885
62.8515528483
51.248206105
52.9887484055
53.0783591287
51.4157203063
51.8670717467
52.5355974154
54.0593672574
48.1023573445
55.8164753155
55.0354820899
51.2004019955
50.068253524
55.112603655
58.4514194942
67.3934902897
59.1585381949
45.6042321084
52.1012007315
59.0706808356
60.7828658727
66.3999906942
49.0667697627
41.2868362489
65.0845079676
75.8824926244
63.9456459235
44.6607704504
54.8305495639
64.1002529138
71.1157511302
52.9688362838
39.5791417195
46.9214816626
41.4138612767
46.1020542142
48.0129985523
50.7885032358
55.3012219188
60.3298000713
62.8841176336
63.0574337056
43.5488977992
52.0860432001
64.8566846397
39.7347898245
39.1067373597
42.6005553561
48.9827324818
56.5567870839
62.7983148976
63.5313097202
45.1737822686
66.1270855608
44.9219758133
52.9085667689
54.0432341807
59.7084807902
62.9309417673
71.790934264
52.1114596006
56.6606036241
62.1859888843
53.7797314034
57.2285986984
74.93276792
57.6047232593
37.3481837115
45.1901198317
56.1999819186
65.7192745208
67.3773267479
67.0736243168
63.0499958001
63.6823103183
67.1054168725
62.5317110537
50.1022382324
72.1061914846
49.5595286864
64.2787567298
73.0694581801
66.6116686816
49.0563627036
61.805164088
49.5488930274
54.6606451045
44.7869855023
67.1408953696
55.061829848
52.449650744
68.804798406
75.5109142544
73.1815978467
50.6470171168
67.4928156468
51.6143714006
54.6170780953
59.555118035
64.7512929759
67.1071611372
62.3901916097
61.960983874
64.2419075285
54.7408293928
55.5346556141
54.2198670838
64.2791839204
76.0285928309
67.7542647697
68.6664928438
72.4125547869
66.4612664187
73.5959522363
61.5671326695
61.0753744598
62.4750553683
70.8258878404
46.0196445052
61.1682727211
58.4661077063
59.7852665325
74.9552624088
72.8472497017
57.9463682795
40.3706833353
30.1122973971
36.2780054078
47.1925308579
56.3498542598
64.4215264153
67.07418855
51.0306110861
47.9852034404
50.4410844077
56.604468106
61.1769823275
44.8287906661
49.2405707867
64.5937026836
76.5212217444
41.073180028
41.1234088324
52.8296803429
50.2244420552
45.4837822287
56.8994049776
49.803779962
50.8050474538
50.2498655
59.2007720185
62.6667717744
39.2643167816
43.4516355609
52.5861076819
59.7262345513
66.6851375673
71.2877988433
53.7037764439
52.7972777519
60.8930573238
64.1886621486
63.9704940793
66.1926271039
56.0546412865
58.4273818582
38.2120582966
44.1130913306
53.6975251856
46.0502150991
47.8519436916
57.2902970089
58.8399697898
58.581101327
56.1503972464
51.1789809023
57.9367324194
60.3948174776
63.9897399783
62.8567516803
52.9061850955
55.7565665999
57.0554317664
56.9078779858
55.5965721304
63.2425523805
53.2534911945
56.0743533755
55.4411284239
53.0059151632
46.1706294566
45.7981981948
48.3452264952
51.2839552373
47.4377258398
56.2274861891
61.3972023646
53.5601416993
55.5508243154
51.607323331
54.1325346002
46.8159296666
44.9978967271
53.5781167881
46.7630921569
53.5778398015
54.9754097225
55.6468411679
55.8266911433
54.2031473862
50.1381174339
49.2414296044
56.9984684093
55.4963180715
50.7117664551
52.4217418513
48.4940841654
46.2873600413
46.3511923885
41.8918416282
49.6682014577
51.41487054
53.3963474454
56.1900744035
59.8129890219
53.5123099668
52.6480670677
49.9495094503
50.9068202204
53.7675151077
54.5235475815
56.9753368622
57.9544233756
50.5344996324
44.1759907718
50.3461501231
57.3828557111
60.3912643318
45.2908811716
48.4943239828
46.3540767726
49.810639259
44.542747645
43.3314983591
53.3977351122
52.5406148713
56.6400997261
50.2998454086
52.15926837
45.8131429031
52.4458904249
56.7347567338
56.7899029316
56.9540366989
51.709736656
55.1825517794
54.7136486832
61.0007846442
54.6082225905
46.0563413814
49.4706992903
48.6399029995
51.4141627921
45.3158551791
39.609804812
51.4577530897
52.1585478149
52.6696822628
52.6998302636
54.8305212548
47.8613440522
40.0406083153
38.233231518
45.4000338427
48.5234018499
48.8447661808
49.0651708966
45.8108782266
46.3159138958
42.0689172231
43.9764809426
48.5559577296
50.3067867354
48.1821658895
50.1521228767
47.8358787947
53.1791651325
42.8095810498
40.4387023165
47.6089938946
47.5565372972
48.4936894664
50.0394595016
50.5516430175
48.9353693131
52.7015797562
54.7556838256
56.2767831435
50.4927252804
44.0235572411
43.2689811743
43.8697883708
36.0170565903
46.3787885945
51.9690470475
57.9668645924
59.8478277308
53.1828801805
55.5362911439
56.5117857431
61.2282725702
61.2345742901
55.8540167587
46.2028758338
52.2111764167
46.6443584394
47.3027731205
48.4551146765
50.3637001781
50.5495958398
47.0237602778
52.7420991058
54.05370697
56.7791463781
47.7458967319
54.5670663833
58.1632099179
45.3920479353
54.8007937801
56.4421516934
55.0925492778
58.6665898173
58.6735612799
55.8095491607
54.7793573351
49.5229042108
62.3785727057
64.125598648
54.2327709605
50.8141855741
50.3116250227
62.1543522987
64.8839354008
48.6211630909
65.4169263699
37.5462536133
0.0
47.3299583433
59.2083526548
55.1513455327
60.0012123571
53.8857196456
56.9396564552
51.1016263907
55.8021716496
56.2946895465
66.71497104
72.1271245968
75.6050052195
74.5274009771
51.1582416445
53.6637024291
38.0930282577
37.5191815813
39.4473319438
44.9370826713
46.2452530052
48.9357641768
60.2843979271
44.5505733354
55.5127060345
64.7392962857
67.8666893666
51.7784340939
46.0742801288
51.5172638286
58.561184391
59.9333194363
65.4350008271
55.5415093165
61.3105242145
49.2574952417
57.7805652323
53.915942224
40.1433203873
41.26854216
49.860217483
54.7191839451
59.5704071551
60.5845747897
59.9961270811
63.6503396903
54.7830507734
61.7350488082
75.7349812922
63.786377354
37.5717095268
45.0763041356
49.576879839
48.2836614025
50.2038817597
54.8526426969
65.445333166
71.8659180627
75.9191445833
63.2710263334
71.8589198239
71.0126220128
44.216861718
48.7495825006
51.8458451564
55.9460087705
57.785695826
52.0494005527
58.0423621146
56.8565306849
43.1339488285
63.5100303588
58.555096197
58.7270780587
59.9803621939
47.5131070319
58.3509182409
56.3176635961
56.3818221664
75.0802959489
49.3256936409
59.0412727567
61.2957262647
54.4357169785
59.7453125584
39.8061627297
56.5526777472
66.5347600316
49.7822175533
51.0832115144
52.0278411026
59.4141706236
70.1046405327
58.050952756
56.9652914412
55.880064976
63.8649365743
61.000098255
56.7427764294
51.0765110853
50.2493382214
52.8744380442
59.2590506396
72.531147081
71.523649546
70.593029104
59.5476183821
61.6639430498
38.9097261789
49.2878726589
63.0880458868
74.0112671086
65.9077182362
60.3645344952
39.523822268
53.7321579019
49.1854605952
54.3809066871
56.1215319051
57.6134323977
63.3014402764
48.1662609627
57.0441945033
66.5749460378
59.4911815245
53.1708210024
61.653757911
60.7029803005
65.0290181177
70.4491854679
77.4028893439
53.1017429383
40.7156519186
53.5820327739
56.7569197742
46.9387051638
60.9782429734
74.1592669845
51.3944365064
44.1373803043
61.9151759325
71.1456171288
45.6483275459
60.0388283885
56.7227725617
56.6028260261
61.3965018505
63.4363485281
51.9843138489
35.1324468086
54.3969153732
62.4672059259
59.0789604076
53.8501790606
57.6145183479
55.6418296064
52.2910281197
60.4976906218
56.9370986419
57.9649254247
52.5881623464
54.9994137414
60.8925311576
61.7930927919
62.9542350773
64.5933993137
52.6219760417
32.2632183812
35.7833143603
47.6560879106
49.7189332786
49.7627894655
42.422784936
43.0471384972
53.3253980866
54.7330140312
51.8577681853
62.2472741816
54.0535196632
50.9441862489
45.7033418445
49.1675931106
60.8020358474
67.3716083382
71.4540152278
42.3780190189
46.4606229756
60.9984853129
54.338635875
55.5629620378
58.9542917939
62.4068920764
56.3237854336
46.2755956982
54.0382910566
63.661536527
48.682282304
50.1865814988
59.2836315595
68.9796541179
59.6322886911
43.2999423846
51.2708434626
58.6799433031
58.6648936624
54.1593964565
57.0922693466
59.7328440266
61.9534682042
61.9618217219
64.3937555806
54.7676622542
54.9572859851
47.9805218798
55.0876524491
54.8669606187
55.5437581272
54.962574377
38.2944020051
50.8675423489
58.1977133265
59.3714536548
57.0885596708
48.8355771357
41.0940573573
45.1449537771
48.2444311376
45.0024592457
42.6276618246
41.3239501752
46.3801516983
48.7853121528
53.3564431106
53.8960377463
56.9561151191
54.8884582194
54.0276366658
45.5159621157
47.9987927778
55.4877998493
52.0965632146
56.5698327859
56.0524813936
52.6957246421
54.5300843117
52.9925203156
59.5589149893
52.5908070178
54.2357589201
56.2571863604
58.3850484623
59.3247773963
57.97238364
44.8283453963
54.0537922499
51.3846269771
52.5683299805
49.3777315321
50.0832490051
48.4322030447
49.93350937
49.5054777
51.2522340252
45.9599275565
44.279151456
44.1586688372
48.9996540594
44.7957796431
43.4689726832
44.4799200544
46.30662695
45.2474771589
0.0
47.333210742
50.1207065339
51.8248786845
54.5009846761
53.6625445691
55.6834235981
51.2541531227
47.0832511147
49.2172907654
44.7185162211
45.9483917441
42.4687412123
47.9719362963
51.2011181443
47.5238786108
48.6554332838
45.2870233546
49.3588003844
50.3709974524
49.3457834366
50.5429304141
52.2628300162
52.466715137
55.5685049866
51.0219545967
51.2289683189
50.4234024199
48.9632436694
53.2519437663
55.3034556891
55.2843911754
54.7166083859
55.303507048
56.5230139055
42.619584398
45.7556329947
52.0630051046
55.4072904787
52.5567055912
52.0351868727
45.6457139592
41.6161203898
46.9800927714
51.7011625707
55.9304710273
54.790758067
50.9569561103
54.5073008052
58.7464752804
54.1151074388
45.6616434571
52.5103138931
47.8121663052
49.2650758209
52.5442029966
53.905731392
55.7066723726
47.5773529848
54.1699699324
59.010832247
58.815854503
54.9000403179
52.8602739789
54.1036254077
48.695386439
33.9210011809
48.8480386034
52.2892324526
56.6661612531
61.3781442362
64.6402433425
65.6327339238
49.5099878032
45.5600023016
52.2973131404
51.7203776227
57.9194111651
41.5862614942
46.6201064066
50.9175048338
57.4549965271
52.6231200359
55.7911073661
59.163895265
63.0186661575
57.8614635648
48.0280764522
42.1329538319
42.9519715918
51.6968759255
40.7936397919
54.519445508
60.038276926
66.2334939634
70.0856887391
46.7460378737
65.5488397261
49.6681946734
55.3649011986
55.5842964924
49.1338935437
55.7160607765
64.3621492562
41.6859149051
56.8814473694
53.2916185899
46.4195962313
43.3085652094
46.0852527928
50.3157196501
51.1112394338
44.6242859502
52.631133148
57.2785394517
63.5893710942
54.6268434099
63.3375040409
68.5822339223
63.0199437839
60.3935740953
61.8093091297
43.7523422919
56.8479552301
52.2428005506
60.1894607208
68.3853993082
45.498037322
44.2307439582
52.3594758587
49.3973661016
59.5753297278
72.1901572375
70.6320648921
57.1549291448
59.8733922991
59.0065668122
59.079329187
67.6448106607
42.8004630672
54.1885610215
64.1275342956
71.6207812715
48.4052340937
48.7025736946
62.6449130661
38.6239231183
44.9411644663
44.616248713
66.6011680954
35.5962718106
51.0599525145
53.1296797236
49.8565479351
63.1988941224
63.251618918
51.7849647786
65.3208230018
68.3260914418
65.3989283339
74.5482505564
64.9129054672
58.3669900243
65.4619482067
50.116832061
57.09341323
62.087546602
57.0042828118
61.3211623068
64.8294585177
61.3779571112
53.0762431406
55.9538017092
64.0906670068
74.5773003378
55.5030054411
71.9330137818
73.8756526394
64.6484441388
66.0641877498
62.7446773675
71.5571639935
67.8546510981
73.0397797509
72.7102163739
76.6383378515
47.3440850511
67.9330125009
36.8407914907
42.4061228868
56.6090252935
48.6706927561
55.7426510217
57.1872321642
65.7545369749
71.5001310915
53.5427443029
36.3680034558
66.6659002041
43.63159513
57.3813499901
54.8024800474
34.6301275133
47.4006212736
56.646360871
71.9057267165
69.6080020717
71.9939942865
49.1267612221
43.6073275361
59.129224069
67.0838370884
60.8258227984
63.3451727267
68.7602784681
52.9131646304
74.5985459611
72.4155906309
51.9785191068
39.0874263188
57.9954676621
73.2972061305
40.8005307856
59.1368087436
74.1732552096
56.7101636046
59.7174571922
65.8963807268
63.3606893077
44.0545577915
52.8213635117
57.3435311871
69.9870983718
75.9011339795
66.9740361591
42.3873071825
54.5581454078
57.9360987524
52.9388259472
59.6885519898
65.9276439791
59.0401212833
42.756965115
58.2967826492
52.408762074
49.6833030081
47.5943643558
53.4458280884
55.0739601231
70.0455410517
61.294662177
55.55348415
65.3071674191
59.9749143396
55.7646151356
63.2450154624
71.3186319421
47.6236363869
47.4868543511
58.1198910735
57.6432567007
50.5059197786
62.7037319138
34.0701694701
47.9062715972
51.6314060441
51.7815384107
47.9619423851
52.7584652182
60.1836378056
66.3793063263
62.2834223787
53.6191167239
58.5189611146
55.9016296306
47.698123609
56.6797216664
61.8159945803
63.4849849992
70.8048974322
47.6863957619
59.118954003
55.0622285755
57.5529018911
58.8418608032
68.4495090108
70.6618299653
54.8020894452
61.3147133377
46.4784196869
55.6236101404
62.311027391
60.3118786472
69.4847538876
54.5184875116
55.8982030454
52.3958737
56.2552226639
51.1262478366
47.8916213384
50.6102224551
50.6239627811
53.8748462899
55.3731781772
53.7400095211
52.30948677
53.5372746548
59.0257926167
55.4503364826
59.3961550857
55.8481445781
61.1349946002
47.3928045843
54.868097206
54.2272608084
43.5264766959
41.5632946454
55.0745614398
52.102366049
42.5203587888
43.6669683438
52.6176838344
53.7341331719
56.5062651177
47.8968850391
50.6274857639
49.2093116026
43.4812008319
50.5471472736
52.9762801896
51.0338825249
46.2290242859
52.499033548
52.2830580469
47.7734862874
53.0107905781
49.7924720851
46.5345388495
47.3290617362
49.1847514301
37.1093486005
45.6331454585
47.2090303998
52.0297625099
44.1503461385
38.8821865704
32.8080469848
48.2808891894
53.4404173745
52.723843927
53.4585171373
52.560555991
49.4339842645
51.2955380117
50.3935514426
52.8989051549
41.7208698277
42.5980856609
45.8593655197
47.658443575
48.7594571902
49.1099057904
51.9372880028
53.3378236823
54.2579855152
44.6821091652
52.9337745186
49.6367313959
51.7503131752
42.0604638036
54.0231818887
53.310345569
51.6417919075
51.3532104121
51.5934309295
56.5292370702
60.3059367872
48.9989000333
50.629879812
44.3642428496
41.8083916349
47.8443229785
51.0303993901
41.6867766958
37.5127156049
43.7311099846
43.8634484815
46.5540581502
48.7996205942
41.9723513461
44.9122905552
45.5504202745
50.7869214382
50.9399393006
54.9002858543
50.6230692659
50.092460375
50.0101428407
44.3248051997
52.0087927409
37.2318353883
44.8750045847
45.4251587883
42.8472302304
56.5430995187
55.3765320339
46.0157496729
53.1510257017
52.303603104
53.0443704504
56.0714382329
54.6647597999
55.7503848216
62.1119921059
55.3816277238
52.4063523584
55.6552825005
54.7139645141
60.8713816645
56.764939509
49.9517997445
52.414820708
44.208195628
53.5356793906
50.2212559687
48.9350033983
49.7986767356
54.4575663576
62.098068325
64.7489182
60.6719710092
52.3915711642
57.7147134371
53.1961977305
46.6791716513
47.0529737228
37.89183293
39.2276335296
43.2381453541
45.9647777357
53.2647119242
59.5199145621
59.2289980991
58.2095145293
59.3738536294
66.0362535706
68.6440405474
63.2524113648
64.2188323488
66.6549956235
62.1744492594
70.4917704282
47.1608352734
48.0755571622
55.9130866813
52.3841212421
63.0363904476
51.7917952917
58.1239128862
67.1055264743
46.8237466991
55.5520635827
68.9493586357
51.3065133383
63.0500681351
68.2361818113
43.8791896342
52.8160201876
62.6726106149
71.8032952398
75.4575132339
74.5557908065
46.5851744495
38.3053392008
54.1324717573
67.0998170758
59.5102569451
62.4932293102
33.1890219599
45.4983965046
55.9849030209
62.0719640172
65.2324619847
44.9850909556
66.0390821484
48.7721759223
51.9760382824
57.4029557223
64.0872685791
63.9174795509
72.5389489149
49.8101175222
35.4469753159
40.4535845038
45.361683758
54.6814071744
45.8792748675
46.3789832813
63.5048867672
72.2101668754
67.6972582413
58.9639269197
60.5070853701
57.0707414734
47.9125214115
54.401901997
66.4686978192
68.45577444
74.8581171581
73.0186475349
71.143325879
66.6655723485
54.8961456771
69.5346923342
52.9558644536
52.9864097028
74.2320656638
61.1486112303
57.2689487679
77.6246306147
55.1593853292
38.924402477
53.5731588225
59.0233014543
66.6941525794
60.0161474463
55.670875975
55.7316766614
62.171227443
75.3973442034
37.2435836237
56.4581237916
71.5286052207
0.0
43.015945912
56.6839990247
64.311283507
61.5504613978
47.4035282041
57.1941723261
62.017675881
62.0521157913
46.2277377948
51.4997147223
55.6353898784
59.787457044
62.123972204
56.3980257079
54.4607838926
56.0589080123
47.7728254044
50.6149032938
49.1683573721
53.9285294404
61.3465172657
68.1680606628
57.5466523956
46.8802295522
51.8398886834
62.864528413
74.4553855945
73.6478466584
51.559390793
57.0298265248
60.064959329
61.9603551533
71.5064714276
65.0657702767
66.4269756801
77.0907572213
75.1021394369
62.504444039
67.7189704326
47.8205123585
47.9599075925
65.4040398079
69.5847125412
66.4595734492
63.640919447
71.388646679
56.9614360591
40.500387961
55.860606349
65.116447398
59.3300900223
62.4147754362
59.0206062273
59.9991295319
58.6441716593
50.2850974961
60.7636368127
49.6614137319
35.0798792078
50.9927178895
58.8825996688
60.7252132854
59.3244918509
61.8333942536
60.2304282736
63.409807342
60.393918374
60.0664705587
61.5832332219
63.5555056153
66.4840359961
36.7899243753
44.099949681
54.1949380804
56.7331000251
57.5886694201
59.6935504685
73.0191470799
68.5859838101
43.1106616994
43.283000294
51.9612924612
62.7036210989
45.7731458642
57.9098831803
69.3664873717
44.212040702
42.9468049605
57.7950297439
64.2203441197
66.0993134215
55.3379818324
39.1016956962
52.7352533989
61.5757849847
55.4586983289
58.108829332
59.134850192
70.7009542073
41.639115614
47.8426864084
52.4271325605
63.243183039
56.5036845665
54.7856459656
56.2763921086
56.8555456845
62.8028605711
57.269951486
54.1831546877
61.3035269898
45.5843431225
48.7059128046
50.385644271
50.8651018767
57.3653594621
62.6534728533
53.587498372
56.7401825968
58.2691041344
64.9735589201
57.5005722191
55.8068423382
58.7501039076
55.0688827559
56.637732566
59.1159144782
53.3463123953
43.6791938258
37.4686584933
36.6163527456
50.6331940821
43.5065888214
45.610087077
54.4846820109
49.3131843887
55.9706079358
60.0026222969
63.238940368
58.268996261
59.4684887025
59.159230144
55.9699098342
60.4688740548
46.5869710675
36.8385642369
50.8081295
54.5225230966
52.4919507601
56.3054198043
55.176668293
53.7645129466
56.1318353509
38.1205562532
49.0620774776
52.4835763989
48.3500848589
43.2706984325
50.8953448647
52.3319629146
54.0423494757
55.196793942
56.6922705809
55.5999228596
60.3711714687
44.4155248789
53.0869948126
53.0117191883
52.1175201054
53.7494259669
52.7770040763
49.8137426764
51.1496716002
39.6356639247
34.844959676
39.1549347189
46.3996520606
50.8019491993
46.8645551274
48.6849703624
43.6751678208
41.3919539605
43.0337092395
43.9427692187
39.447434986
35.2244652481
45.5074392318
45.0697186593
48.0008317779
50.9178342203
44.7687226997
45.9676844476
35.3198740439
37.5991182238
44.5279586828
47.9335006459
44.0580106618
49.0757552796
53.1232970399
57.8463189574
51.9582538498
40.3180357583
49.423931825
50.6324096742
46.5223404456
43.6649174211
44.0768020839
44.0595126371
49.6880896284
47.5386101282
47.6705211765
48.7960685759
48.4125337905
49.5884032616
43.9792631258
45.9056533302
43.5859833881
44.6446442652
43.9016599401
49.898077465
49.7768579355
54.461858865
57.9003936151
53.9070552097
48.0840345197
46.5624997715
49.1477824325
52.5913138741
59.0943539138
56.1707727332
29.6014200121
44.8607517085
49.5470487386
50.3902528228
54.2976557792
57.5504977487
56.3014479737
55.6742277408
57.5300990904
57.0125233529
44.1406209452
46.9601819471
49.8570909129
45.7739101913
48.7179844957
50.1160162069
34.4424187331
35.9465504189
44.6476707693
37.7547493453
43.3038527015
46.2243001129
48.290828772
59.5747230782
65.4119755983
63.9927824424
56.0954685145
59.1803042183
59.848119555
51.9999993478
60.7067341138
52.5673533831
36.8196662748
45.0917504787
43.9464988709
45.4809021763
43.1094198189
46.9647916882
57.2463385398
52.0539329018
54.7655732311
58.8602246174
65.9153871922
55.7616720509
58.8552781758
46.9903683792
51.0004307941
63.285298438
45.7140546816
51.6375268953
46.3216643762
52.3641179868
62.8250429871
57.339418411
53.9003960325
60.8654764869
61.5790702708
51.5618027157
60.7096567186
64.8523209967
64.9588651999
74.3659746829
54.6957966092
63.637420202
71.3962368251
52.7420123992
50.3835372824
52.7050069025
54.5942497911
67.079661875
50.9605262755
52.2920435236
62.4342809433
70.0918273352
69.2006080531
46.5817207235
54.7309565389
70.5317966654
58.4017754083
70.5542479962
72.7717383426
58.3232156406
44.8654630229
47.2745124083
53.2474765428
61.5426929512
66.466631509
66.2496545939
65.9241140545
59.1646218862
56.390680988
53.711366409
44.1046129727
53.5552928284
44.4196649512
47.1732125526
39.827856333
45.6374124218
43.6478921634
51.6057238962
58.2096820307
58.5255272802
60.5391991627
69.9746604411
61.8455721073
59.8373804885
65.5734178664
64.7798774711
64.2723877366
61.5453572317
64.1195028305
43.200660639
45.4739724122
48.3485049397
59.4700314924
56.7176224119
48.1043382177
57.075145261
56.8102743001
52.0543714059
38.4486736428
53.1151383202
59.5661860303
63.9966503926
47.6076457119
53.9425499178
58.1843822023
50.6370837248
62.2949879652
42.9909565912
37.5312115434
43.3091229239
48.0601447493
56.5855925737
67.3016071558
52.3106471665
49.0447054486
48.9399466154
53.7066919964
50.7638154382
65.0715839199
51.5895763847
53.3769287766
53.8067966602
40.3819595609
57.0607003682
57.3284426203
58.8899674019
63.5376872123
61.7409391071
59.6258183518
59.7127607333
60.1595428288
54.0190606426
50.8439126153
48.3233305882
65.3250537937
53.7331133279
48.4079360861
54.2106465597
57.1510550574
64.530011847
65.5668601053
71.6301751289
32.9702132846
55.2355676618
69.7521532056
39.1243467209
43.1634776815
49.6300233728
62.2995117996
37.5066927457
50.4589401319
55.2279804496
61.0310481902
55.0824382811
60.8188453403
67.2132548963
61.6560643793
66.2453358276
65.5581721849
66.0617816075
37.9498327418
55.060117368
47.2238343453
35.5419541311
48.0902157463
61.6938026503
53.9831155425
39.9330836247
42.4224090538
52.6189971532
53.7630101659
55.2937659199
47.0334366743
49.977630848
50.8499199107
51.8630288614
49.6615066811
51.1988379404
52.7709544295
61.6150886557
53.3182163208
63.8888068701
54.4071257414
64.4687791636
50.5703792323
60.9881573987
58.0869888905
35.1501397542
46.0532691269
53.1006124048
52.2097952444
57.3719380125
65.3567153828
55.3583180749
64.5733817163
56.9928164295
52.2530339332
57.49872543
59.5398420743
62.3676595333
62.0406985843
59.8223773462
61.7270831342
64.14545079
58.3428320509
57.7868347305
62.8106410881
56.1939875845
65.6955208263
29.6274414798
41.7493077227
55.9224219457
57.9798116321
55.2465044344
59.4399646279
55.4951495899
49.9607499948
57.1007103429
62.1799391379
60.5765191799
60.8014211589
67.5571942599
46.4153072049
56.664524557
58.2781675483
55.8103090867
51.0428069879
50.6195725404
47.0553193653
56.6611745408
57.7171931702
58.9818089353
55.311995822
46.9042797411
47.0673646978
46.7248226457
42.1257504897
42.415184481
45.8860652801
42.7871356317
41.0458430003
40.6621873604
40.6894774913
45.4743884745
42.2159172622
58.3056436089
59.7936103135
39.7076791295
50.3058684658
54.1972135285
47.9725852833
54.9715264776
52.5042613843
52.8812399552
56.6425696278
56.2261514953
54.1131902202
55.1442410938
56.5850271095
53.1556625159
47.2935888599
51.6590786071
50.5688880883
53.9116708929
57.2736164921
53.5709663333
49.8721874785
46.7350931018
51.4044604386
54.5614865437
52.3446010004
45.3882283161
48.9635770864
47.3895392785
51.2378199053
53.6741683804
54.6428399964
52.8793417412
53.2315731034
54.7814866016
55.9540231057
48.1871007931
41.2089757031
35.9927441965
36.1579223424
37.2405247882
42.3378140758
47.2773874011
45.3119939257
42.7061873141
49.2422908895
52.6697919099
51.1055751538
46.0508602964
43.6418536802
46.9390961923
43.7530697245
44.562417853
49.89598314
51.2332427378
42.0906881264
47.72090306
49.6938427526
49.3316468016
53.2601899715
53.2475915799
54.1720262711
53.2443390099
54.3357586353
55.9554138848
59.8469425488
53.5508542957
51.5625221172
51.8855737924
47.4847187459
50.6003328433
53.2834249909
54.2841871241
48.0854266923
46.1073217241
48.0260293427
45.6913121371
52.2402827127
48.7361998299
58.4792263798
56.135042506
53.5463494209
52.3090978022
50.7844162391
50.1923748454
47.062368286
43.7579445859
44.8013077146
47.3580368436
42.763643116
40.131101607
48.2020606879
49.1000063106
41.0540296003
41.8888208893
49.1841193081
55.4491502359
53.9981129418
44.2477504405
50.0814330898
48.4106099955
49.6813623116
43.8838684349
49.1294225718
48.5801815316
50.2973835545
46.6912673063
44.8681942586
48.0938904273
48.3312705124
51.4756220534
50.8762304255
49.3815424011
49.7218662081
48.2321808091
52.4430457285
54.1393028471
55.3140527209
37.2921436655
43.4791462681
51.0210139538
52.0004335906
58.0434883355
50.8697933532
46.8800035797
51.2802112943
50.9884213702
49.7557429295
55.1427499756
56.7250733623
46.942923339
40.8071208173
36.0991394907
37.0438027782
52.4867051365
51.0099467633
48.5599646715
51.0824385956
56.7860500228
63.996427146
72.2973582912
52.1643920806
61.2801583365
47.3690862252
46.3370262594
57.0369037069
66.2761366235
71.6562550105
60.8085963936
67.4918579795
35.3004865266
49.8857153654
52.654051833
61.8388583755
65.4104694371
68.1781227787
53.3082109509
54.0814028841
61.1541450595
70.4402300725
70.6493071185
40.9152750839
43.5000088537
54.2799925134
54.975581646
53.3392616717
55.2097972359
59.1011770235
55.8973214206
60.0213607886
65.9837210797
45.7787652191
41.2171344505
55.1373940502
63.2725121723
62.2464389017
69.934994482
53.4327265473
42.793985229
41.1830313875
46.7342142854
57.141335758
63.3530199716
67.5355059603
72.2570198636
54.2281756033
32.6950102785
61.3783621302
75.1422734925
43.8075046102
51.0335774091
64.6947438974
46.0202094872
52.9562596386
70.0579543657
57.9500157825
53.19618233
59.4553866685
57.6811194581
58.0216392888
64.7627865707
64.2516617104
73.8468700404
49.4293650857
49.2274791013
47.785758409
56.181365845
54.9212938103
61.4835034111
65.5766936989
39.3781697714
49.0336613553
58.2141464391
51.0459871347
45.1989711201
60.2379265204
53.3880929792
48.8630560306
58.34737035
66.9535044213
62.2380618584
67.8430933869
46.6476916078
64.3354209151
71.2486511796
54.1717048615
51.6117912461
66.3049308562
50.5108134939
36.626285202
54.8497207938
67.2880820779
48.0259303395
53.974701942
64.0489651256
65.5620416619
66.7248946692
58.0380092206
47.3051184968
55.4585892659
61.6940591364
61.6646460978
37.1714243178
56.1832866072
65.3309359603
63.6910045066
67.2906141472
54.9327077459
63.862056824
66.0128743488
