0.0
0.0
0.0
0.0
0.0
0.0
0.0
0.0
0.0
0.0
0.0
0.0
0.0
0.0
0.0
0.0
0.0
0.0
0.0
0.0
0.0
0.0
0.0
0.0
0.0
0.0
0.0
0.0
0.0
0.0
0.0
0.0
0.0
0.0
0.0
0.0
0.0
0.0
0.0
0.0
0.0
0.0
0.0
0.0
0.0
0.0
0.0
0.0
0.0
0.0
0.0
0.0
0.0
0.0
0.0
0.0
0.0
0.0
0.0
0.0
0.0
0.0
0.0
0.0
0.0
0.0
0.0
0.0
0.0
0.0
0.0
0.0
0.0
0.0
0.0
0.0
0.0
0.0
0.0
0.0
0.0
0.0
0.0
0.0
0.0
0.0
0.0
0.0
0.0
0.0
0.0
0.0
0.0
0.0
0.0
0.0
0.0
0.0
0.0
0.0
0.0
0.0
0.0
0.0
0.0
0.0
0.0
0.0
0.0
0.0
0.0
0.0
0.077753268911
0.442951861201
0.976997615689
1.78021969609
0.947460264705
1.63974554935
2.21238149103
1.85347788063
3.54159830331
3.72191272295
3.94092965489
3.12591653931
4.23824745842
4.50211533668
4.31203291691
3.78183301685
4.98960084172
4.27333908206
5.30237244413
5.31628688463
5.50554639848
5.62019256994
5.68140343002
5.52606937308
5.68866937023
5.69814730223
5.74733498513
5.78071673058
5.95532040896
5.807413323
5.72387984801
5.81497097464
6.01449235013
5.83025037913
5.93055837546
6.11515559876
6.30559996893
5.99366918179
6.50925375347
6.60509603633
6.76137276565
3.68488192986
6.58953042634
5.58678296629
5.70406590794
5.81617321798
3.59481325463
4.95914369349
6.25224350773
6.57581564971
6.68689381178
4.9525286462
6.39905873977
6.72684184767
6.56814928213
6.56043280821
6.53901398053
6.42612238772
6.58463099832
6.40404709155
6.69263257256
6.6927940289
6.57674470803
6.5790682846
6.57218636377
6.56830382192
6.54731997177
6.67092100239
6.71917682419
6.35486109831
6.28237960016
6.27535249924
6.37233256242
6.21940920643
6.23777150272
5.99667274584
5.69238191902
6.35725281396
6.02030006988
5.91529415296
5.7440693958
5.93379891265
5.74945636513
5.96214042786
5.75568472902
5.83835569436
5.92729177388
5.6735298474
6.02432573774
5.84971704845
6.4180311195
6.28823361058
6.27100383583
5.80845087731
5.93831401296
5.6177707667
6.21893692815
5.87033738215
5.73064541276
6.16475763099
5.92381515802
6.03238859869
6.09799973
6.00602157792
5.94416690114
5.82434187091
5.75451645408
5.97652335626
5.91799888714
5.91687404796
5.66361609366
5.76819731583
5.62918750149
5.17473772785
5.68021743115
5.53638694124
5.96542426717
5.92024228352
5.82450511757
5.72345673075
5.79719040837
5.69846147146
5.57556213151
5.50299106471
5.50869300277
5.50652540574
5.50019292374
5.44995213447
5.44973057516
5.43593641949
5.34958882802
5.29797626206
5.32879030583
5.13246534752
5.1399336044
5.07966384244
5.08152815281
5.01571297799
5.28629302857
5.04857978114
5.12132089029
5.06546203979
4.99711685991
4.7859856239
4.80246861938
4.97847484289
4.86575555985
4.79937846394
4.78548135636
4.87051496142
4.92460434166
4.88323770474
5.07459836218
4.91376417102
4.84003519577
4.93281015244
4.91427469522
4.74460029116
4.65029349392
4.36328136602
4.88313436803
4.95281148816
4.43399651143
3.39049086177
4.08745392056
4.7239794946
4.1787692475
4.10306251791
3.60726300091
3.83935732661
3.97482057042
4.14411705213
4.18804283715
3.55711686294
2.40029202186
2.16571840966
3.04233900155
3.68581936734
3.45678311495
2.03116941775
3.25628093632
2.82410101257
2.57418113264
2.59016933418
2.77364215853
2.65043579986
2.70902861757
2.74205668394
2.60028590181
2.31855851684
2.20364147146
2.24731692
2.18644643438
1.25486283415
1.51139913598
0.444988345034
0.693088550639
1.27067033835
1.34100535078
0.234160272553
0.280751710935
0.373496398443
1.21088646192
0.882608012122
0.381607886023
0.111064519179
0.268595486767
0.0
0.0
0.0
0.0
0.0
0.0
0.0
0.0
0.0
0.0
0.0
0.0
0.0
0.0
0.0
0.0
0.0
0.0
0.0
0.0
0.0
0.0
0.0
0.0
0.0
0.0
0.0
0.0
0.0
0.0
0.0
0.0
0.0
0.0
0.0
0.0
0.0
0.0
0.0
0.0
0.0
0.0
0.0
0.0
0.0
0.0
0.0
0.0
0.0
0.0
0.0
0.0
0.0
0.0
0.0
0.0
0.0
0.0
0.0
0.0
0.0
0.0
0.0
0.0
0.0
0.0
0.0
0.0
0.0
0.0
0.0
0.0
0.0
0.0
0.0
0.0
0.0
0.0
0.0
0.0
0.0
0.0
0.0
0.0
0.0
0.0
0.0
0.0
0.0
0.0
0.0
0.0
0.0
0.0
0.0
0.0
0.0
0.0
0.0
0.0
0.0
0.0
0.0
0.0
0.0
0.0
0.0
0.0
0.0
0.0
0.0
0.0
0.0
0.0
0.0
0.0
0.0
0.0
0.0
0.0
0.0
0.0
0.0
0.0
0.0
0.0
0.0
0.0
0.0
0.0
0.0
0.0
0.0
0.0
0.0
0.0
0.0
0.0
0.0
0.0
0.0
0.0
0.0
0.0
0.0
0.0
0.0
0.0
0.0
0.0
0.0
0.0
0.0
0.0
0.0
0.0
0.0
0.0
0.0676458400031
0.579722095496
0.975793266124
0.380288878147
0.821302595438
2.17451447879
0.995813368389
3.37011898384
3.91603169161
4.16013446787
4.40614968439
4.68442198006
4.03674974489
4.99957361935
5.11991169393
5.09135281406
5.28723496046
5.47149494747
5.54984286284
5.67010864439
5.26023032106
5.50708084861
5.30570289826
5.84965538264
5.9700458564
5.69027624934
5.8428524901
5.86477437336
5.92325427233
6.09720162477
6.1164383008
5.80053558254
5.92246778851
5.81718927324
5.92596047924
5.98463524766
6.14123575132
6.33373727638
6.27675119457
5.74072365094
5.90779909405
6.09301235143
6.15031573775
6.06140684384
6.12469323928
6.13202043639
6.07851493094
6.05514626961
6.03383505953
6.18165185414
6.2045257065
6.17532582942
5.27669146036
6.30479457506
5.66150872898
6.10370119614
6.02618492034
6.04818327054
5.95459698654
6.18884733886
6.25357201663
6.08714889597
5.45046795146
6.13442012767
6.50102552568
6.00200166487
6.35455159785
6.41666025185
6.33098432754
6.34447218728
6.20641841625
6.61288651522
6.4375576485
6.71545664862
6.51899971974
6.52512005329
6.43786547632
5.80490293303
5.83746337242
5.32023029215
4.06679428324
6.12123254264
6.45569008166
6.44715619678
6.4018108379
6.42196596518
6.33972422367
6.50588073839
6.2682666691
6.359833181
6.47570848993
6.46522986373
5.86105652421
6.3358249035
6.43486224845
6.27193300449
6.25033891019
6.33026899449
6.02688989858
5.95835832899
5.92233646992
6.11730311417
5.91290122476
5.95168619612
5.93191605459
5.9576435869
5.88605723529
5.25313659003
5.66542133426
5.87973242334
5.87606005953
5.90488624997
5.85443324257
5.84649385173
5.74063033011
5.59380932927
5.7699556893
5.53063449695
5.41357555272
5.9611297379
5.6611906688
5.28407150265
5.28227988442
5.35090502474
5.52774789293
5.73943650006
5.75731378911
5.78611571243
5.62221924182
5.45383365505
5.38325262777
5.30668771358
5.23550875692
5.56647945961
5.35167364066
5.20926615183
5.2091551231
5.11492637767
5.12946708609
5.0278787031
5.1224069482
5.0585974015
5.1674724604
4.76302653724
5.04833464998
4.85885290833
4.83986965336
4.54772339534
4.46937374458
4.69133134703
4.37131235285
2.43381122347
4.00782595645
3.93839360948
4.21035826214
4.3933132165
4.41414321755
4.36628772926
4.68223516896
2.29377935659
3.55460498779
3.8720522537
4.0094741243
4.06141280582
3.87071950717
3.60866737542
3.72083982048
3.78129837416
3.8787493015
2.03268878386
2.08814222486
4.07603323502
4.0719754917
2.51151165846
3.59867008178
3.52223950189
3.51982439138
3.4974885696
3.20868174423
1.95480205133
2.91936130159
2.5444624206
2.81949699216
2.23318317195
1.98564946109
2.18408605312
2.3001188164
2.5072544377
2.50212926163
2.49711452384
2.45257633715
2.5028343858
2.10298374723
0.414195608365
1.55543158096
1.5562239451
1.70255162546
1.71109630233
1.55826082164
1.36667742982
1.16225705312
1.08236740662
0.881103664094
0.802732562087
0.513249417522
0.468628338429
0.37373116036
0.0
0.0
0.0
0.0
0.0
0.0
0.0
0.0
0.0
0.0
0.0
0.0
0.0
0.0
0.0
0.0
0.0
0.0
0.0
0.0
0.0
0.0
0.0
0.0
0.0
0.0
0.0
0.0
0.0
0.0
0.0
0.0
0.0
0.0
0.0
0.0
0.0
0.0
0.0
0.0
0.0
0.0
0.0
0.0
0.0
0.0
0.0
0.0
0.0
0.0
0.0
0.0
0.0
0.0
0.0
0.0
0.0
0.0
0.0
0.0
0.0
0.0
0.0
0.0
0.0
0.0
0.0
0.0
0.0
0.0
0.0
0.0
0.0
0.0
0.0
0.0
0.0
0.0
0.0
0.0
0.0
0.0
0.0
0.0
0.0
0.0
0.0
0.0
0.0
0.0
0.0
0.0
0.0
0.0
0.0
0.0
0.0
0.0
0.0
0.0
0.0
0.0
0.0
0.0
0.0
0.0
0.0
0.0
0.0
0.0
0.0
0.0
0.0
0.0
0.0
0.0
0.0
0.0
0.0
0.0
0.0
0.0
0.0
0.0
0.0
0.0
0.0
0.0
0.0
0.0
0.0
0.0
0.0
0.0
0.0
0.0
0.0
0.0
0.0
0.0
0.0
0.0
0.0
0.0
0.0
0.0
0.0
0.0
0.0
0.0
0.0
0.0
0.0
0.0
0.0
0.0
0.0
0.0
0.0
0.0
0.0
0.0
0.0
1.34822066083
2.36312081206
2.79737193728
3.42187279867
3.79426419148
4.081787332
4.49224114417
4.6035581539
4.91911922715
5.12194799132
5.18214671279
5.26231557974
5.23624540517
5.22880239617
5.20018603283
5.59907343906
5.54233255359
5.18367058938
5.06900516112
5.08541355607
4.46831804578
5.73639440254
5.72449299174
5.57803679663
5.70712057005
5.61713538609
5.04474078867
4.42798385902
5.83920355691
5.73994095983
6.28964230436
5.97249891148
5.16297831416
5.87817274269
6.244960682
6.19535696293
6.22311445546
6.35277318811
5.85601166586
5.34412568808
5.4222541505
5.60435742085
5.97487302317
6.23788770629
6.39512033445
6.43128238183
6.30287912352
6.34970637424
6.51127667216
6.18062734733
5.71115964378
6.42071689924
6.17366669567
6.21505837417
6.57685836191
6.49911039452
6.1945208108
6.38467704472
6.45616986521
6.32836886143
6.44193820217
5.90647159845
6.26122548705
6.1452209265
6.20538871501
6.27181825917
6.30490228279
6.28985959219
6.16493195097
6.12256607695
6.36467191345
6.25789870501
6.07955906287
6.41053307355
6.12255867459
6.31326542788
6.25919412892
6.45419090824
6.43000535101
6.11647558152
6.15531004769
6.06782463457
5.87699671338
6.48282355609
6.02161588422
5.95519603257
5.88421001596
5.36916785844
5.92165461335
6.01171993855
6.02104786559
5.98088162117
5.91868322273
6.04799923772
5.78837858854
5.76044615214
6.06757082972
5.98015594354
6.24821817888
5.98028416655
6.13540068588
6.06508863949
5.78330297977
6.11754640119
6.13887487151
5.86532166468
5.93359038888
5.82330132588
5.59610876372
5.74363263807
5.82339929639
5.81417951332
5.88639151258
5.80692798727
5.70150537772
5.24236127317
5.10167563568
5.57154950965
5.37135037509
5.47789132705
5.63640705297
5.5133439991
5.4172475576
5.80593697547
5.66146727476
5.66435197093
5.50469281274
5.35366379161
5.53500797962
5.53286303072
5.57318525011
5.4134294219
5.0863076682
4.27302683044
5.20177702135
5.24894319341
5.18752337447
5.27097207065
4.81838469748
5.23749060862
5.16816515902
4.9333642681
4.274954868
4.44267976654
4.40801006465
4.64324642973
4.57976451695
4.77357103324
4.01946866637
3.35697350007
4.43890460677
3.80082851389
3.43697824276
3.92297402937
4.17941090467
4.39890885926
4.24005750195
4.43889855677
4.37004021513
4.56242282096
4.54314323544
4.38915213506
3.68631658145
3.02252988524
2.61320093345
2.63153202986
2.82541825462
3.12148465748
3.24790893665
3.31646750874
3.27936214574
3.33904546205
3.55986850343
3.49852435171
3.60238844774
3.41932789586
3.16604693847
2.96750800985
3.18935230801
2.96366554181
3.00871132328
2.98255344103
2.86964389163
2.6584328365
2.55343103303
2.59742945551
2.18081683395
1.98078001048
1.81009443847
1.62456945365
1.0927281828
0.471707939386
1.2498636302
0.381379982808
0.0882493077264
0.00550212079131
0.0
0.0
0.0
0.0
0.0
0.0
0.0
0.0
0.0
0.0
0.0
0.0
0.0
0.0
0.0
0.0
0.0
0.0
0.0
0.0
0.0
0.0
0.0
0.0
0.0
0.0
0.0
0.0
0.0
0.0
0.0
0.0
0.0
0.0
0.0
0.0
0.0
0.0
0.0
0.0
0.0
0.0
0.0
0.0
0.0
0.0
0.0
0.0
0.0
0.0
0.0
0.0
0.0
0.0
0.0
0.0
0.0
0.0
0.0
0.0
0.0
0.0
0.0
0.0
0.0
0.0
0.0
0.0
0.0
0.0
0.0
0.0
0.0
0.0
0.0
0.0
0.0
0.0
0.0
0.0
0.0
0.0
0.0
0.0
0.0
0.0
0.0
0.0
0.0
0.0
0.0
0.0
0.0
0.0
0.0
0.0
0.0
0.0
0.0
0.0
0.0
0.0
0.0
0.0
0.0
0.0
0.0
0.0
0.0
0.0
0.0
0.0
0.0
0.0
0.0
0.0
0.0
0.0
0.0
0.0
0.0
0.0
0.0
0.0
0.0
0.0
0.0
0.0
0.0
0.0
0.0
0.0
0.0
0.0
0.0
0.0
0.0
0.0
0.0
0.0
0.0
0.0
0.0
0.0
0.0
0.0
0.0
0.0
0.0
0.0
0.0
0.0
0.0
0.0
0.0
0.0
0.0
0.0
0.0
0.0
0.0
0.0
0.0
0.0
0.0
1.45996024827
1.33463583076
2.89152922535
3.23867526432
3.58187479326
3.94912894447
4.04578584489
4.26375218635
3.99424991718
4.55504828537
4.77684717291
4.84251244551
4.92951543089
5.04015382333
3.73669244751
3.48683517713
4.45272959101
5.1714589228
5.41386017872
5.0838792442
5.16549721162
5.28012800493
5.64025828387
5.69720628116
5.7053458716
5.82203359022
5.88929381246
5.51547034501
5.75015563657
5.29184366475
5.11355105434
5.16997057016
5.52831740246
5.64200436688
5.79565516745
3.91840387715
5.9258522785
5.89309311162
5.519555699
4.78038003294
5.17746267937
5.62653855749
5.58931165538
6.22844349426
6.34374467996
4.60258573719
6.19819476776
6.13064597035
6.15990440376
6.08187737767
6.10687259193
6.07926757678
6.54440066904
6.36493562114
6.43820059402
6.4088889342
6.33388172856
6.3730764068
6.23932455936
6.29841621173
5.36883352825
6.04997497897
6.13689114752
6.09804211957
6.16854756795
6.25845658305
6.36060010495
6.35502991601
6.39534651596
6.27532605274
6.42998108198
6.52703245097
6.16274937892
5.74210307552
6.20293887886
6.0497234289
6.11115278182
6.24821409207
6.21627256524
6.23942737443
6.06566649206
5.96824127176
6.02589259461
5.99277422655
5.98166582754
6.00070769621
5.78931904879
6.02126389417
6.06977863181
6.21970406914
6.08361279413
6.1675860735
6.21079130153
6.24524671094
6.20881417928
6.50303608621
5.30364335983
5.13405155008
6.16845549165
6.4320505785
6.26414164195
6.20169633398
5.09007076586
6.01214802761
6.10182219406
6.14182289724
6.13677357137
6.3716876916
6.18224238025
5.92746073028
6.02517836656
5.82748348641
5.72598116656
5.8980925424
5.80088062646
6.00057654727
5.82384044515
5.23220980515
5.79627677127
5.74532820725
5.66035408272
5.61396403965
5.85890362113
5.86176715883
5.83203305996
2.33711266041
5.01126111633
5.79199110816
5.58431591044
5.32858361076
3.64661742989
5.38763591977
5.22459997811
4.654557463
5.48266081374
5.75772000056
5.57089595716
5.41386335123
5.37941151328
5.42956623961
3.44994910737
5.01526882674
5.26128731861
5.29412029228
5.23342470635
4.72084500423
4.83255379867
4.92698687242
4.9154378181
2.60667036196
4.97505465896
4.93465094269
5.09809552588
4.96250125309
3.3746349279
3.94842173834
3.92507482611
4.27785583693
4.34017293015
4.25316260604
4.25228785613
4.26624627507
4.51204615269
4.50888291783
4.49450302474
3.89408262022
3.48633172971
3.55947231324
3.76003391031
3.74992542178
3.9127285219
3.8429826069
2.403826746
3.72345307855
4.04904325079
3.55623600843
2.54253526997
2.63629405265
2.96015688462
3.02662267958
3.11645719834
2.97459253705
2.78224868116
2.47046620503
2.32029028308
2.15453170537
1.9273441632
1.1996173623
1.34477072898
1.22918264585
1.06856424811
0.896005361724
0.53728857277
0.296320157848
0.414865755213
0.40354149033
0.35729811669
0.300839134983
0.243223363077
0.19667322369
0.174384299282
0.172905790971
0.12284232528
0.0
0.0
0.0
0.0
0.0
0.0
0.0
0.0
0.0
0.0
0.0
0.0
0.0
0.0
0.0
0.0
0.0
0.0
0.0
0.0
0.0
0.0
0.0
0.0
0.0
0.0
0.0
0.0
0.0
0.0
0.0
0.0
0.0
0.0
0.0
0.0
0.0
0.0
0.0
0.0
0.0
0.0
0.0
0.0
0.0
0.0
0.0
0.0
0.0
0.0
0.0
0.0
0.0
0.0
0.0
0.0
0.0
0.0
0.0
0.0
0.0
0.0
0.0
0.0
0.0
0.0
0.0
0.0
0.0
0.0
0.0
0.0
0.0
0.0
0.0
0.0
0.0
0.0
0.0
0.0
0.0
0.0
0.0
0.0
0.0
0.0
0.0
0.0
0.0
0.0
0.0
0.0
0.0
0.0
0.0
0.0
0.0
0.0
0.0
0.0
0.0
0.0
0.0
0.0
0.0
0.0
0.0
0.0
0.0
0.0
0.0
0.0
0.0
0.0
0.0
0.0
0.0
0.0
0.0
0.0
0.0
0.0
0.0
0.0
0.0
0.0
0.0
0.0
0.0
0.0
0.0
0.0
0.0
0.0
0.0
0.0
0.0
0.0
0.0
0.0
0.0
0.0
0.0
0.0
0.0
0.0
0.0
0.0
0.0
0.0
0.0
0.0
0.0
0.0
0.0
0.0
0.0
0.0
0.283597144935
0.599616301952
1.33848801963
2.59876746605
2.80744280147
1.34221688835
3.57017587945
2.64592476945
2.89060751256
3.83060752488
4.11959313033
4.25601604546
2.90985781214
3.12046759603
1.92008753654
2.52041164922
4.95709864433
4.74002730136
5.13435425476
5.48810532868
5.19332571799
4.47577704853
5.37422875453
5.21612314166
3.93821706229
4.86096629884
5.16613795915
5.30810940253
5.47835777167
3.69420526341
4.47622604893
4.48880937745
4.51047372735
4.93916792411
5.33288619221
5.59907107188
5.69128943996
5.77928997148
5.88114569866
5.91441625968
6.02627042277
5.83767493655
6.05004637483
6.11802449169
6.08959009957
6.2705282176
6.16272902536
6.30427957615
5.59449062128
6.27833256842
6.30563817476
6.14621023215
6.25706582053
6.27057139347
6.09586849411
6.0101527366
5.2828854933
5.95375007337
5.56612088703
5.98192084774
5.95691532234
6.22995581019
6.16210247884
6.12389623275
6.07782446837
6.01304477207
6.42835058602
6.0782487995
6.17354349302
6.10416277308
5.79412301555
6.28281050631
6.3953864287
6.24550880027
6.10750393358
6.08699541334
6.15928225106
5.98705882909
5.85968881283
5.89349497136
5.98886228343
5.92465476167
6.06815852672
6.13873961035
6.06498920358
3.10756524585
6.08879832085
6.43715595384
6.31334019716
6.45112544652
6.24331658096
6.34062367851
6.2546118186
6.51316698981
6.29760345852
6.18661651911
6.26375730108
6.21867808731
6.2043763313
6.16017357713
6.07179346056
6.23560129514
6.12865357714
6.26735258286
6.13997083063
6.02189466803
5.96200143879
6.04300482224
5.86763209302
5.98747704972
5.65814464498
5.63455546423
5.66316123384
5.59893859743
5.56740943454
5.61521491192
5.50714063353
5.55825330463
5.84933803609
6.06735520454
5.73998437011
5.85940144215
5.38705912369
6.0948630391
5.77525515755
6.05633411076
5.9944648414
6.06983671688
5.79781291198
5.86468581219
5.84798227645
5.75802512236
5.7027498929
5.71631568703
5.77700835725
5.70526259008
5.72514625576
5.5956459389
5.42523389866
5.22491234497
5.25358241652
5.35687575461
5.37673774211
5.2786604396
5.05310168177
5.19388156154
5.10302865194
5.07095652203
5.18336896164
4.85226613445
5.3903622234
4.81557094945
4.80736248066
5.22549427627
5.05376970001
2.70457621805
3.20940198275
4.90567275015
4.63135577283
3.3653223443
2.18201101514
3.51623886852
4.89863485848
4.93609780636
4.83876453024
4.78211385217
5.06775856554
5.07478188634
4.379476951
5.07431408036
4.69408456707
3.62509006195
4.37520381875
2.49567685658
2.92164395806
2.96123893533
4.51626503699
4.28089674009
3.88223281323
2.85254553058
3.68971028505
3.27944983244
3.38353638055
3.10223566777
2.89173648072
3.85279091798
3.89014282433
3.68337237434
2.62915972258
1.95077470658
2.50156652715
3.51089927044
1.03808850549
1.74026950155
2.13462850838
2.07017637128
2.07394578755
2.14405339996
2.05959112273
1.76866724326
1.10284959412
1.43563019555
2.41548552765
2.42227004968
2.46088920792
2.12966670331
2.33193624774
2.06228843004
1.95600375138
1.63845263806
0.882824462979
0.233631794265
0.323639812077
1.26990934149
0.334646320178
0.429323221026
0.532556367873
0.168045606632
0.462272744148
0.267114181715
0.0872204540143
0.0122180044417
0.00511042943386
0.0100431719358
0.0
0.0
0.0
0.0
0.0
0.0
0.0
0.0
0.0
0.0
0.0
0.0
0.0
0.0
0.0
0.0
0.0
0.0
0.0
0.0
0.0
0.0
0.0
0.0
0.0
0.0
0.0
0.0
0.0
0.0
0.0
0.0
0.0
0.0
0.0
0.0
0.0
0.0
0.0
0.0
0.0
0.0
0.0
0.0
0.0
0.0
0.0
0.0
0.0
0.0
0.0
0.0
0.0
0.0
0.0
0.0
0.0
0.0
0.0
0.0
0.0
0.0
0.0
0.0
0.0
0.0
0.0
0.0
0.0
0.0
0.0
0.0
0.0
0.0
0.0
0.0
0.0
0.0
0.0
0.0
0.0
0.0
0.0
0.0
0.0
0.0
0.0
0.0
0.0
0.0
0.0
0.0
0.0
0.0
0.0
0.0
0.0
0.0
0.0
0.0
0.0
0.0
0.0
0.0
0.0
0.0
0.0
0.0
0.0
0.0
0.0
0.0
0.0
0.0
0.0
0.0
0.0
0.0
0.0
0.0
0.0
0.0
0.0
0.0
0.0
0.0
0.0
0.0
0.0
0.0
0.0
0.0
0.0
0.0
0.0
0.0
0.0
0.0
0.0
0.0
0.0
0.0
0.0
0.0
2.4375242397
3.18126391695
2.87920815554
3.28748346945
3.77666332311
4.30872578649
4.65116021705
4.90298864364
4.94876677162
5.04680576127
4.72269902519
5.16573340597
4.81043549636
2.13036095931
4.6779127972
4.28258067806
5.49995113201
5.70231706108
5.8436846897
5.55894404183
5.31916780824
5.43466572748
5.30576285175
5.37420043407
5.47881590032
5.5758112403
5.7945353985
5.90462060471
5.43890997055
5.3386957789
5.95241144496
6.04765281404
5.74250578999
5.23487727411
5.35377153838
5.7056246618
5.87850885109
5.42163061499
5.90032478623
5.8209227194
5.72338925769
5.64025382702
5.6204851133
5.39806140756
5.96291716429
6.0501464206
5.44356260023
6.43701273015
6.18040415349
6.30891502202
6.32649095268
6.03897047039
6.20955012861
6.06070328523
6.49701675405
6.54159119522
6.25181719941
5.3999159057
6.26086139867
6.75186051134
6.31638808443
6.6183006795
6.36999541072
6.44473795497
6.54142570197
6.2896355757
5.75002476247
6.35971260586
6.58070434251
5.91855885992
4.77113408742
6.22505317828
6.46386924733
6.60307519548
6.67825130111
6.39663499102
6.62670760626
6.50810057373
6.80216102885
6.51315502326
6.53264423418
6.57707167776
6.51474681793
6.4619705337
6.67381487014
6.67501958751
6.47544526811
6.56519057549
6.49393261625
6.54978616705
6.42644142602
5.25490819938
6.12596774669
6.19416265062
6.29826900752
6.50142370451
6.57400955549
6.37225016306
5.54707388024
6.43576943555
5.65233579623
6.16252045286
6.3291722295
6.00332436246
6.15523759663
6.02344125652
5.93310059291
5.9294708276
5.9453786203
5.9936379691
6.12696156643
5.99580581313
6.02469448189
6.17056843298
6.31232019267
6.23887569495
6.04176554037
6.05147567295
5.91205915079
5.86952884847
6.1841533986
6.1710846568
6.08142256463
6.02694134085
5.99227690701
5.9993088158
6.16978016514
6.13880303203
6.03071660618
6.05213605334
6.03474530706
5.94052523059
5.77520902023
5.92093230011
4.09087311832
5.68456928006
5.41561028974
5.30186961905
4.2084528603
5.2348652916
5.47004732614
5.42042757235
5.40723505532
5.34503324542
5.38679509347
4.46759014076
5.21963942482
5.08960491045
5.2064633706
5.07602381893
5.07504487326
5.24695993515
4.86839650573
1.71538746974
4.98120221659
4.9229093905
5.06512756107
5.08084897912
4.12991896473
4.40198274937
4.11161585519
4.14219245678
3.7491658872
3.81617373167
3.81079954322
4.25527929167
3.70835692845
4.25418611055
4.49574083455
4.63374185563
4.5126618523
3.84527840805
4.54904235594
4.29593430053
4.33326198995
2.75757145575
3.69058746721
3.48916379394
2.08609001694
3.52160198639
3.47791783186
3.53019711819
3.47457101334
3.42007171448
2.75195771182
3.04957399354
3.13010524658
0.9674961389
2.16074451166
1.79548711743
2.65360040905
2.72752572413
2.68797778415
2.58220466148
2.43584678228
2.27822541997
1.96279751775
0.747711974219
0.483060110038
0.680478754964
0.646074018831
0.557608696518
0.405469621817
0.226583932239
0.124317220961
0.200244115655
0.0870596085114
0.0
0.0
0.0
0.0
0.0
0.0
0.0
0.0
0.0
0.0
0.0
0.0
0.0
0.0
0.0
0.0
0.0
0.0
0.0
0.0
0.0
0.0
0.0
0.0
0.0
0.0
0.0
0.0
0.0
0.0
0.0
0.0
0.0
0.0
0.0
0.0
0.0
0.0
0.0
0.0
0.0
0.0
0.0
0.0
0.0
0.0
0.0
0.0
0.0
0.0
0.0
0.0
0.0
0.0
0.0
0.0
0.0
0.0
0.0
0.0
0.0
0.0
0.0
0.0
0.0
0.0
0.0
0.0
0.0
0.0
0.0
0.0
0.0
0.0
0.0
0.0
0.0
0.0
0.0
0.0
0.0
0.0
0.0
0.0
0.0
0.0
0.0
0.0
0.0
0.0
0.0
0.0
0.0
0.0
0.0
0.0
0.0
0.0
0.0
0.0
0.0
0.0
0.0
0.0
0.0
0.0
0.0
0.0
0.0
0.0
0.0
0.0
0.0
0.0
0.0
0.0
0.0
0.0
0.0
0.0
0.0
0.0
0.0
0.0
0.0
0.0
0.0
0.0
0.0
0.0
0.0
0.0
0.0
0.0
0.0
0.0
0.0
0.0
0.0
0.0
0.0
0.0
0.0
0.0
0.0
0.0
0.0
0.0
0.0
0.0
0.0
0.0
0.439312021054
0.740759948201
1.73366938906
2.46146506494
2.83900632104
2.15592212407
3.16068850644
3.38960293443
3.43380458042
3.99171143601
3.73290037653
3.31883845993
3.73574487702
3.78401466612
4.38634598433
3.30116222061
4.70149207526
3.20110297954
3.29583818331
3.97194378008
4.82616780884
5.49150509043
5.56742419609
5.70418167968
5.8089096889
5.89484793589
6.04261493966
6.03312308977
5.83862199954
5.56673663487
5.74131296468
6.08646593505
6.11372188152
6.10191600351
6.19379619543
6.28899803957
6.24939478069
6.18389141419
6.21534618256
6.03360775879
6.05540259762
5.64058662494
6.35148352154
5.59434375447
6.18268623749
5.97444018079
5.45635486211
6.04266697506
6.11853699447
5.90433000992
5.85982542097
5.91885947266
5.85782367862
5.95460098793
6.37115764895
6.29580164467
6.34045554088
6.43344509529
6.36863777491
6.24406927629
6.33399005427
6.23655813831
6.47895526664
6.50753905338
6.35963159954
6.69271476742
6.20361149785
6.3814976702
6.42034593021
5.44572807131
6.28194921587
4.2732042194
6.38061819933
5.94965728864
6.02427997875
6.34488232154
6.30927924195
6.22290232964
6.50603378197
6.07226545305
6.00994899345
6.29010070164
6.34937243246
6.07885587724
6.35444538816
6.50917475655
6.42822244248
6.32117272512
6.46709967779
6.25821654229
6.14492865083
6.01462387986
6.08653712704
5.86362172133
5.72465684903
5.90549612447
6.0226946138
6.20448167452
5.89855731431
6.15481571979
6.04734037864
5.98926694812
6.07784931753
5.66021874892
5.78046294284
5.80187626813
6.16189496329
4.80156677722
6.03187471542
6.15907486558
5.99659988469
6.07943278853
5.57677889468
5.55913335481
5.46924028884
5.76142310554
5.57895696209
5.85015877284
5.76592554694
2.60966200164
5.07399807318
5.37305779306
5.46903690748
5.65697208492
5.69033216789
5.84096148442
5.92445259521
5.42386578735
5.57120488425
5.36116634916
5.95207172991
5.8760813898
5.87663185135
5.72655012625
6.00664233316
6.0955617547
5.7529075858
6.09449267219
5.76877508065
5.41049698845
4.36235220873
5.29619582544
5.21240590486
5.42443523215
5.20860121389
2.03107913022
5.00599369425
5.08759487874
5.54771729258
5.5318473541
5.31090886049
5.33756640416
5.19520348341
5.31945976358
2.49985960292
3.18140089556
4.8711661656
4.74020118482
4.85264602533
4.82751671645
4.84912203555
5.10330970238
5.28394707694
5.00182466791
4.96855789076
4.17635633198
4.42695299619
4.54117403939
4.51351027513
4.38740668982
4.14521413363
3.99618008917
4.2834872146
4.23738340559
4.14933007592
3.81578970143
3.85131384355
2.6919369871
4.02158090426
3.80612106774
2.59525481668
2.69133650977
2.05359264508
1.94843172144
2.87620296524
3.00871016632
2.17261356855
1.67111352013
2.45598452348
2.72628569979
1.8400522159
1.28395191582
1.27441225639
1.39842888522
0.814797731399
0.0
0.0
0.0
0.0
0.0
0.0
0.0
0.0
0.0
0.0
0.0
0.0
0.0
0.0
0.0
0.0
0.0
0.0
0.0
0.0
0.0
0.0
0.0
0.0
0.0
0.0
0.0
0.0
0.0
0.0
0.0
0.0
0.0
0.0
0.0
0.0
0.0
0.0
0.0
0.0
0.0
0.0
0.0
0.0
0.0
0.0
0.0
0.0
0.0
0.0
0.0
0.0
0.0
0.0
0.0
0.0
0.0
0.0
0.0
0.0
0.0
0.0
0.0
0.0
0.0
0.0
0.0
0.0
0.0
0.0
0.0
0.0
0.0
0.0
0.0
0.0
0.0
0.0
0.0
0.0
0.0
0.0
0.0
0.0
0.0
0.0
0.0
0.0
0.0
0.0
0.0
0.0
0.0
0.0
0.0
0.0
0.0
0.0
0.0
0.0
0.0
0.0
0.0
0.0
0.0
0.0
0.0
0.0
0.0
0.0
0.0
0.0
0.0
0.0
0.0
0.0
0.0
0.0
0.0
0.0
0.0
0.0
0.0
0.0
0.0
0.0
0.0
0.0
0.0
0.0
0.0
0.0
0.0
0.0
0.0
0.0
0.0
0.0
0.0
0.0
0.0
0.0
0.0
0.0
0.0
0.0
0.0
0.0
0.0
0.0
0.0
0.0
0.0
0.0
0.0
0.0
0.0
0.0
0.0
0.0
0.0
0.0
0.0
0.0
0.0
0.0
0.0
0.0583745723547
0.165856977455
1.54448612313
2.11157155494
2.64054273676
2.9947003666
3.40283563776
3.63384471115
3.79664370442
4.12686040136
3.92122868021
2.8255417605
3.02344750262
3.70697566241
2.69372309392
3.57941814334
3.24780344175
2.73039923103
3.78636910067
4.35002940904
3.99980701273
4.28611052576
4.36645745779
2.79214836236
4.59235025901
5.11159656122
5.24050609101
5.4179422743
5.01682540753
5.60045525443
5.67987966528
5.69168632816
5.18068666896
5.5764846978
5.03717881875
5.48643158114
5.81435419925
5.64148158436
5.42013096142
5.84568176789
5.81872841569
5.82214275129
5.75065717019
5.51301164854
5.83597268913
5.98690403141
6.04985976349
5.29128417992
5.98664175594
5.87154486988
5.44299100252
5.8565313964
5.53165033017
6.5215093219
6.55076913767
6.4295596218
6.44755846006
6.67225661851
6.49771937197
6.34303389641
6.1562638624
6.76636425628
6.66337961291
6.66074629009
6.47523879241
6.49476658613
6.31508445968
6.35203731321
6.48484600407
6.56079358442
6.64783018239
6.43145525753
6.44810497712
6.37449484414
6.44766735936
6.57273209926
6.70656913658
6.90104295018
6.78309355033
6.83789530637
6.97502481658
6.69440421987
5.60096467088
7.00849713786
6.75870896688
5.13098173952
5.5207545077
6.78724973141
6.70023860757
6.83310548416
5.11093233007
6.70393463964
4.61256194024
4.90627096347
6.30056543912
6.13246146731
6.703799449
6.5089446063
6.51946404696
6.28222314637
6.36296809819
6.38084761384
6.34865187472
6.25808820804
6.34395350452
6.41959268228
6.34644995502
5.97927910587
6.20000138248
6.49720694976
6.52656106199
6.6144312255
6.55857964147
6.53670887749
6.51316481204
6.40796027357
6.53083238579
4.87643903051
5.72183810905
6.46029099323
6.44092109987
6.41996879426
6.42629718127
6.24649429098
6.53800238079
6.37546471659
6.37250169072
6.26076166996
5.53185329279
6.59040214296
6.19167376827
6.13186017378
6.14582012327
5.75440305805
6.14503529541
6.1505933489
5.85364286034
5.72694651542
5.96331434504
5.43018514117
3.12466263157
6.02939651584
5.89671307789
5.89670251615
5.75802921418
5.72553678811
5.66051236878
5.61851053244
5.69795832579
5.57035248605
5.60000184535
5.49256063565
5.47030230492
5.44201218045
5.33710353095
5.38988587244
5.37118861521
5.00059388888
5.31767590531
5.35450227054
5.31101977843
5.22629833621
5.22279562153
5.24378730051
5.23554246272
5.13092434895
4.81364017832
1.40917905688
5.10693969438
5.0589175776
4.56003820745
4.80135230501
4.88836210896
4.88714409342
4.87150601865
4.79892425781
4.80886466487
2.63263319405
2.28993887142
3.42811119656
3.37287156283
4.44645253846
4.17621249947
4.52249082731
4.38725762438
4.34608526018
4.36451999304
4.07810726166
3.97056575604
4.08667042479
4.30494107296
4.17035188238
3.70826278942
2.66278008196
3.27523874187
2.26968664583
1.60410245389
2.93378670637
2.71159028077
2.9370215832
2.8797488722
2.95914523767
3.08235692384
2.889315992
3.05355058566
3.00382679348
2.76882008672
1.76235746149
2.81550309983
2.9277838312
2.43100566321
2.06770854366
2.02280738923
1.50892914829
0.650045260622
0.189726827202
0.0571484735188
0.133615504014
0.146746877433
0.204691964889
0.0864605652069
0.0
0.0
0.0
0.0
0.0
0.0
0.0
0.0
0.0
0.0
0.0
0.0
0.0
0.0
0.0
0.0
0.0
0.0
0.0
0.0
0.0
0.0
0.0
0.0
0.0
0.0
0.0
0.0
0.0
0.0
0.0
0.0
0.0
0.0
0.0
0.0
0.0
0.0
0.0
0.0
0.0
0.0
0.0
0.0
0.0
0.0
0.0
0.0
0.0
0.0
0.0
0.0
0.0
0.0
0.0
0.0
0.0
0.0
0.0
0.0
0.0
0.0
0.0
0.0
0.0
0.0
0.0
0.0
0.0
0.0
0.0
0.0
0.0
0.0
0.0
0.0
0.0
0.0
0.0
0.0
0.0
0.0
0.0
0.0
0.0
0.0
0.0
0.0
0.0
0.0
0.0
0.0
0.0
0.0
0.0
0.0
0.0
0.0
0.0
0.0
0.0
0.0
0.0
0.0
0.0
0.0
0.0
0.0
0.0
0.0
0.0
0.0
0.0
0.0
0.0
0.0
0.0
0.0
0.0
0.0
0.0
0.0
0.0
0.0
0.0
0.0
0.0
0.0
0.0
0.0
0.0
0.0
0.0
0.0
0.0
0.0
0.0
0.0
0.0
0.0
0.0
0.0
0.0
0.0
0.0
0.0
0.0
0.188542196818
2.6687922961
2.88383931073
3.32821248663
3.3143574996
1.17385256056
2.02033194618
4.04141604668
3.99495557477
4.23449782886
4.50186866628
3.5180177897
4.42782730649
4.62527162235
4.19829483948
4.20735334827
4.87358093386
4.40802304893
5.24420355006
5.48055055344
4.64151583177
5.35189288898
4.76247547747
5.34611328708
5.33728034884
5.43974059109
5.29177843244
5.1329182373
5.58584137595
5.16414855161
4.68426934232
4.78914865377
5.52480182708
5.62757518326
5.65369110316
6.28978106451
6.36889345054
5.73793978492
6.01539165179
6.06125674918
6.37273210133
6.16850075767
6.36901673997
6.45449533272
6.49289799748
6.28540788202
6.34556356989
6.23603558259
6.61300547728
6.18411420114
6.27917698819
6.28161451801
6.31833916151
6.28754102285
6.46031377693
6.34983182315
6.26515984762
6.22203689575
6.54010595755
6.21427189215
6.29118628072
6.39444848246
6.39612050784
6.32269393845
6.45055463149
6.27782042226
6.64973312513
6.56058785023
6.34989870347
6.5130551615
6.86424123029
6.58459367698
6.10758565358
6.65381289778
6.42898685461
6.32551937899
6.18654434381
6.38814222628
6.3059715596
6.10508522835
6.30280096295
6.06411860782
6.42302412825
6.16679472608
6.26293077506
6.22285271762
6.45917193971
6.30157224963
6.2064804333
6.23285965469
6.59239299435
6.73443257382
6.11094666189
5.93551289904
6.0008139808
5.93485111122
5.93580756023
5.97603852944
6.19210742653
6.17528199307
6.07120922446
6.51863068038
6.3654772964
6.16251160923
6.44746916743
6.34785342464
6.26248432977
6.37999918299
5.93924862345
5.86878468767
5.95385672773
6.32383237383
6.04835608368
5.99986352054
5.98272120636
5.90483852702
5.87488323297
5.5940751202
5.77456010625
6.20181841993
5.86790424183
5.9472949891
6.26846662372
5.8648564746
5.95899636776
6.16356186409
5.82334039763
5.34923077174
6.02122369431
5.89109772486
5.72909426048
5.64368735082
5.96604570063
5.73646316765
5.60202774431
5.73661881216
5.93453997062
6.00846622775
5.93125173103
5.65368559622
5.63063944366
5.61936383352
5.35380320474
5.04097700085
5.53259947571
5.42130776821
5.64876981431
5.50062219209
5.57658687627
5.49072837568
5.00409833265
4.39966092386
5.26032150963
5.36954146033
5.3851303631
5.3738219756
5.08872305144
5.14847023564
4.89301181828
4.86441562328
3.92927064037
2.51803519123
3.06113145409
4.94398055927
4.96010353599
4.98259998688
4.78993163105
4.5270882626
4.77434586856
5.00583899289
4.81428733986
5.01470886863
5.10030333234
5.00025460942
4.53783959507
4.42116458515
4.54028356739
4.66155028023
4.60162271689
4.32474725478
3.67441429755
3.32831521749
3.52865476604
3.44786451057
2.32199667754
2.23269214319
4.11953715369
2.09502775791
3.23427998995
3.36028303234
3.54254894568
2.2127535693
2.54979080417
2.70696963912
2.93893722086
0.620551551842
2.79661803709
2.91759385598
2.98025992974
2.71114435622
2.04294195208
2.08305174938
1.72931368003
1.59082685806
1.30482414316
1.20942424885
0.373030931909
0.309571387108
0.825660804994
0.508845465768
0.0659879321911
0.193328088991
0.100909369708
0.0
0.0
0.0
0.0
0.0
0.0
0.0
0.0
0.0
0.0
0.0
0.0
0.0
0.0
0.0
0.0
0.0
0.0
0.0
0.0
0.0
0.0
0.0
0.0
0.0
0.0
0.0
0.0
0.0
0.0
0.0
0.0
0.0
0.0
0.0
0.0
0.0
0.0
0.0
0.0
0.0
0.0
0.0
0.0
0.0
0.0
0.0
0.0
0.0
0.0
0.0
0.0
0.0
0.0
0.0
0.0
0.0
0.0
0.0
0.0
0.0
0.0
0.0
0.0
0.0
0.0
0.0
0.0
0.0
0.0
0.0
0.0
0.0
0.0
0.0
0.0
0.0
0.0
0.0
0.0
0.0
0.0
0.0
0.0
0.0
0.0
0.0
0.0
0.0
0.0
0.0
0.0
0.0
0.0
0.0
0.0
0.0
0.0
0.0
0.0
0.0
0.0
0.0
0.0
0.0
0.0
0.0
0.0
0.0
0.0
0.0
0.0
0.0
0.0
0.0
0.0
0.0
0.0
0.0
0.0
0.0
0.0
0.0
0.0
0.0
0.0
0.0
0.0
0.0
0.0
0.0
0.0
0.0
0.0
0.0
0.0
0.0
0.0
0.0
0.0
0.0
0.0
0.0
0.0
0.0
0.0
0.0
0.0
0.0
0.0
0.0
0.0
0.00760818627577
0.0593071135863
0.167435917243
0.22018180382
0.407029624729
0.798051252106
1.14370973092
1.6467355426
1.85404451059
2.23661109501
2.72286471826
1.63993112895
2.98043286903
3.11189382463
3.86914431366
4.125535186
4.37582230167
4.39927601146
4.34851108611
4.80211216238
2.87639149436
5.17535063978
4.89335966776
5.05587142312
5.34755120487
5.49110985542
5.63918574677
5.61684786966
5.6216186458
5.67854039891
5.67145384132
5.28160156289
5.27097695098
5.0791611063
5.21697153479
5.5490157685
5.74492847996
5.82012056542
6.01420414635
6.24673576489
6.30715591856
6.21249897266
6.36001745724
6.31730206157
6.37064140455
6.31606182194
6.41140314285
6.42255115925
5.98960532567
6.13077602421
6.32253343333
6.39154767685
6.46754098418
6.54787906747
6.46945330092
6.60912116271
6.57719156222
5.70457697647
6.32598274615
6.33467244963
6.41883891775
6.48785431924
6.51340650253
6.33885790309
6.39985755712
6.43642663721
6.5493897835
6.34521992349
6.25746803699
6.39154967131
6.45506490757
6.56518188819
6.6856396819
6.68328472152
6.60780931017
6.50412462352
6.56207129786
6.38945116097
6.17893998338
6.18621601419
6.39172175273
6.37205431949
6.41469728318
6.33278014466
6.33945884253
6.22531502637
6.40017669733
6.40192012087
6.2337056632
6.12769083047
6.28280084449
6.1589394972
6.34635915357
6.28662924108
6.45059566337
6.39348028186
6.21194692223
6.08127192981
5.93715312857
5.97991443933
4.71004582856
5.40747902512
6.15641960714
6.29307380894
5.96173736151
6.25113132136
6.47241835869
6.26072856281
6.44235288901
6.50036113453
6.30995096368
6.15421661309
6.09189358649
6.00625476911
6.11622377275
5.98087300443
5.90142586385
5.89471524263
5.93173737003
5.65466124411
5.69007186803
5.77110884159
5.60406651247
5.55083582725
5.71243969718
5.63898558796
5.64585635316
5.60253927957
5.39546550591
5.68085139248
5.47453990028
5.44161366096
5.65474641452
5.71271377403
5.58731736089
5.56825835914
5.76928198212
5.08114119547
5.65731384691
5.54301578086
5.81153464114
5.79211695746
5.4699247097
5.36177383909
5.34864071141
5.30422032189
5.36197072817
5.28988003826
5.25508066905
3.74833453881
5.38321254413
5.40497362361
2.84488381968
5.10383034166
4.99184955293
5.30937720216
5.28597971582
5.26669162414
5.17154472314
5.1904376446
5.23984333098
5.234007296
5.23592667989
5.1349956664
5.09447126394
4.89256938972
4.97815638578
4.79057525984
4.7829046001
4.73321520605
4.80510570699
4.66322852001
4.81367768557
4.98942382127
5.03059315471
4.93440998636
4.89117379704
4.22849856869
4.51828020067
3.77670184267
3.78453367581
3.96576138518
4.25087113303
4.33657055236
3.89130733493
4.37625531352
3.30849468778
4.02509215512
3.99956945307
3.93161130638
2.83375372252
2.90072726791
2.88538073213
3.40365917018
3.55150695967
3.18970701641
3.26324164043
2.99950127924
2.95779526178
3.0571014155
3.17941877205
2.98246098799
2.63683908444
2.57667337046
2.59602612877
2.11300967281
1.86992696008
1.84424251059
2.21080614056
1.94821931801
1.80593425014
1.6157160568
1.09191159062
1.23773745967
0.741559006959
1.19001648333
0.749037543098
0.771205528737
0.44758561121
0.78611003802
0.622875896887
0.214077483448
0.707676934779
0.596915225724
0.105062688692
0.0582031927331
0.330567134748
0.271030041439
0.153628574465
0.0984318421547
0.0
0.0
0.0
0.0
0.0
0.0
0.0
0.0
0.0
0.0
0.0
0.0
0.0
0.0
0.0
0.0
0.0
0.0
0.0
0.0
0.0
0.0
0.0
0.0
0.0
0.0
0.0
0.0
0.0
0.0
0.0
